1242 3271 3372
1022 3404 2145 2346 2017 2983 1781 2109 437 2076 1515 625 1291 3167 3932 1498 3458 2278 2661 3002 3218 1336 2180 66 3999 973 339 3860 2434 1359 2599 1950 291 2117 2448 1284 1959 333 67 1009 2395 309 528 1204 3810 3836 3237 739 899 835 3816 2842 2636 298 791 1080 2826 224 3363 1615 2591 17 1218 1434 1434 1051 1531 3651 101 730 2059 562 1402 1290 453 801 2233 2935 3103 2844 546 2193 746 1073 2485 3260 3612 488 3527 3495 1017 1005 2472 1074 878 2700 442 2499 3860 18 150 3579 1195 3498 1955 3680 1401 2045 3157 1725 2577 1273 1346 2482 3398 3815 159 758 3104 3828 362 1671 3072 1285 3513 3690 2320 2810 1691 521 1771 2945 135 39 1749 1857 2688 3387 3898 1654 2787 2040 1341 2062 467 1612 3797 2034 277 270 527 1549 3155 1237 3878 3947 3527 1228 2486 2567 1482 2545 1454 796 897 691 2374 3108 481 3771 3524 379 1437 3604 3794 1465 22 512 955 1475 1529 1123 410 3705 2450 2769 1986 3172 1738 638 3185 3218 3377 181 1268 1277 6 2531 1135 3425 3789 3960 658 3585 1706 2823 427 3270 63 1944 1264 727 2662 2025 3311 3686 2746 1199 155 86 1514 762 2700 274 2684 855 1015 336 2112 785 2758 219 1262 3761 907 2846 2716 20 513 2419 404 427 14 102 2096 700 2831 456 1682 1878 870 3739 2463 2216 2815 2240 3249 2278 1516 1780 777 2843 2711 417 838 1180 729 1861 2341 359 3131 575 1492 2610 3134 506 1140 2008 257 2934 2766 2329 665 3421 3156 1909 1475 1980 899 198 3485 695 3776 333 3204 160 2540 699 360 2461 1314 158 3924 1363 1652 379 920 1025 3698 378 2281 144 1407 2153 2254 557 2593 2675 1484 2633 495 1396 1953 592 346 1522 3717 1311 2106 2909 351 1058 3526 2685 9 209 3543 2910 1234 3450 3210 1562 3739 2118 2389 3345 2003 2368 1221 1232 1098 1988 2223 179 1934 1015 3606 3463 3932 1860 3054 3708 212 1687 1044 2791 1969 577 2614 1620 3716 1076 2466 1243 3524 423 1862 1170 2310 3883 3014 2947 696 2466 1971 295 960 2630 3719 3509 1282 3075 3009 736 666 2588 1686 1137 138 3649 3724 2872 775 1027 3493 114 2693 112 3913 1943 1177 353 743 1448 1870 3318 1637 1586 2821 3363 1662 1110 1277 1208 3498 1537 708 1143 2978 27 354 551 2844 3155 2363 162 1979 2396 2643 468 2624 3532 3929 99 2355 1578 2078 739 3316 26 1336 3649 1907 3599 968 2969 3605 3878 817 2959 699 788 73 3321 448 1853 2528 1806 1684 30 3118 731 3364 1352 1922 729 3628 3955 2680 2557 2731 401 1462 1751 1164 238 421 3763 3939 856 1236 3318 3351 1776 609 3911 2161 723 275 3583 1453 2094 61 2678 538 3645 2284 1211 1459 3609 419 40 2737 1743 1212 51 645 453 2417 363 1423 3365 2158 2056 3936 3449 3977 3239 3993 1535 2096 3082 412 2842 2730 1809 580 3350 3526 3116 2032 1521 2820 1688 2379 1318 2387 3750 1274 3495 2611 318 3604 2584 1177 2878 458 2856 821 585 328 3647 3399 3213 1073 3587 1572 3759 2509 3343 3162 3334 1201 2364 115 856 2940 2518 234 1595 209 832 3917 1279 832 2755 1938 368 428 493 367 2373 1231 1121 11 3992 2050 3987 411 1987 2595 2710 1543 2158 3481 3124 3400 3352 3547 1961 2312 3134 3455 774 1224 177 1591 1299 2237 3850 102 1209 811 124 1190 690 3159 1233 2864 2439 3532 1050 1671 3792 3468 3705 845 2020 3570 353 2530 3270 2977 106 3353 389 377 3796 1007 2925 34 1809 2435 1236 1200 517 809 1006 3208 2313 296 1942 524 25 3992 3627 906 3045 1272 3018 61 1218 1864 952 943 1565 2186 1747 159 3861 1345 2305 1100 1344 3543 1825 2770 1960 568 1391 942 1812 3482 2252 867 2872 351 2456 750 3076 1335 662 3705 3818 3929 328 1787 748 3404 2865 1084 2042 2666 2260 760 3158 3825 3255 1265 621 3398 1888 548 1951 1967 2679 1716 3441 2907 1346 391 58 2336 456 1238 184 2213 747 3700 1846 3748 556 1385 812 1262 3646 1867 1743 1569 1937 464 2400 1593 2191 1341 2608 3505 56 3654 947 2722 3577 2735 3607 2672 799 1968 2689 2131 1465 144 3047 2311 2118 189 3486 2046 2864 2219 1110 3604 1060 1540 3779 3768 668 1826 1212 245 625 1598 226 3083 844 852 219 2588 3860 3071 3566 707 3370 3901 1418 3534 3966 705 3929 2104 3884 2128 2078 1023 32 3439 3533 2275 1025 3548 2331 2548 1415 3583 2592 536 2322 2319 1259 81 709 2079 3801 3944 3202 2699 1498 3500 3185 1206 3805 3733 3108 2914 1592 585 3999 1608 866 2141 2176 2461 2031 3041 3109 3243 3238 145 1226 507 2284 3183 1254 1669 752 735 985 3435 49 3007 1270 2738 1076 898 3371 881 796 204 2311 3568 3046 149 666 1677 2576 1901 613 3080 2541 404 3741 1988 1657 2166 2061 755 1497 1851 1540 2466 2594 3494 3838 355 3151 2293 3344 2077 3965 1482 406 888 451 3433 1732 1255 2985 492 1180 1132 2292 93 1117 2347 1078 2394 3767 1915 718 3258 500 1555 318 3901 3940 2481 2372 946 3323 3763 2327 1448 2729 1110 187 939 3721 341 1787 138 2738 3343 204 1611 2924 3554 2946 2711 1224 766 3424 1637 455 2609 177 2902 684 1024 23 1078 1954 3853 1983 2450 3934 307 3081 2074 3305 3934 945 1960 3325 2665 5 3003 1276 282 3835 1445 2133 1659 3376 1601 3661 1092 557 2788 1225 154 1015 3016 2229 3177 1694 1721 3632 2989 2487 1216 3425 1412 3182 821 1869 2810 3521 687 1876 618 90 2805 3430 1848 3746 803 201 2920 2412 3496 1323 602 1606 2489 2423 294 1664 2702 3054 3174 2947 2747 433 1213 3007 3129 67 479 1135 310 925 956 706 290 2286 1567 2844 2298 3709 990 3734 2233 1610 865 3985 2226 1284 2998 852 1298 3737 86 721 1393 462 1270 820 2316 912 3125 901 2682 3704 2707 3646 3971 1977 518 1711 3792 2426 2006 8 2440 2743 181 533 2997 3262 1067 2768 329 2168 2195 2484 1245 1243 1136 1669 269 3060 163 1718 1608 1221 3502 2367 2588 1177 1868 13 3060 1879 1052 1168 3512 1597 482 586 2055 1961 1238 582 2116 778 3870 2280 2318 3387 55 1992 2849 2515 1248 246 33 1994 3761 1716 2490 823 1446 412 40 78 2061 1001 2482 2793 1899 1646 3382 3770 2678 1469 2408 1781 431 317 461 2153 1423 3350 2996 1734 1313 163 729 2824 1951 456 673 582 609 1236 3040 99 391 317 3015 3042 2547 2432 1743 1144 2781 3118 2039 2888 151 1457 517 2656 1151 3657 3928 611 2999 3793 206 2316 471 1109 1505 3519 3894 767 161 1832 189 2217 2815 1594 1869 468 2960 538 2172 2744 1863 402 709 3538 3905 1465 3970 2544 3359 1625 404 3836 2658 3874 
518 20 1738
183 40 3440
844 83 2538
1139 41 83
1114 53 3676
882 61 2518
4 52 726
738 -66 2910
1016 -19 1427
803 85 2087
1168 -22 1768
609 55 1445
822 -65 1045
498 79 1962
421 78 1767
56 -1 2920
77 -30 1479
45 0 3663
829 76 602
495 48 361
714 -79 684
589 -91 734
1150 -10 756
892 60 1337
358 31 853
1033 34 3766
968 -15 55
253 1 3033
203 -9 255
237 15 346
1227 28 748
910 -45 1948
990 69 391
506 -85 3334
623 -61 1371
497 -8 2205
57 -38 1214
1143 78 383
38 84 1415
873 -38 2473
204 98 3490
862 3 988
140 61 3274
934 -37 77
502 -47 426
112 -57 1328
135 -63 1413
461 16 2644
883 -98 1640
599 -51 1849
539 -84 1309
1013 12 1496
320 53 2335
1001 -66 1816
953 19 622
1205 -24 312
130 -1 3325
1211 -2 1350
1125 -66 538
331 -43 3578
1072 -50 1566
830 -11 642
110 -100 2947
1238 61 1960
940 -29 869
741 7 2862
730 97 3243
11 -90 1770
815 95 1795
743 92 3985
948 -67 1505
392 -91 3840
1194 28 864
488 75 1196
1230 -100 412
693 73 3395
136 -36 2900
1239 -76 3967
1055 -12 242
273 -62 433
1107 76 2469
527 -77 2278
871 15 951
848 34 3819
1091 -61 12
702 -27 3518
412 21 9
370 88 567
349 -8 3460
1118 93 277
117 5 1652
598 25 2858
1109 -3 321
742 3 1919
1130 25 1937
1009 21 409
1049 69 637
621 -85 1938
181 -97 3407
470 50 1190
966 97 3067
700 -64 378
220 -66 3131
111 -21 3078
913 -55 1211
76 29 807
449 -59 144
515 -38 2084
1199 35 521
1103 -49 687
915 94 339
47 -84 1467
1222 -91 2246
696 -57 2829
681 77 2477
255 -49 1380
680 -100 1651
731 -21 3085
281 -20 3235
320 65 3901
261 -75 2350
1006 -87 898
1185 11 1800
187 -73 1591
175 77 2076
784 -56 3949
309 3 2230
1009 81 1501
15 -81 713
513 43 3368
714 28 1811
1153 98 271
582 -96 627
1152 -38 3671
1110 -75 3171
640 56 598
639 7 3975
69 97 3894
641 -88 2836
810 83 3624
102 64 2994
1074 -1 1305
1230 26 2296
762 -44 1294
674 81 1004
564 -25 1486
102 -46 2271
698 84 207
1107 42 2027
1131 23 2554
93 52 3995
787 -62 3119
1197 -81 718
696 16 211
454 26 3936
654 63 596
909 71 3089
1181 28 2530
570 76 3571
146 -91 2721
1200 41 3769
451 36 2464
1191 62 2303
351 39 1436
803 -53 3559
214 -19 2612
753 31 832
800 16 3515
460 96 1182
914 24 805
413 37 2131
696 -36 3448
757 -84 3025
304 -73 344
162 -54 578
656 78 1145
990 22 3336
1081 -74 1780
978 42 2555
637 -73 3363
726 66 1818
779 -53 2882
968 44 1889
824 -90 2415
945 -58 2292
473 -49 3898
695 56 28
267 16 1565
516 -32 2976
772 -29 1217
1217 84 3656
948 -93 537
1002 -37 1000
904 -31 3839
591 -91 253
664 -15 3835
823 -60 2193
496 -56 1966
378 -84 1799
570 59 2869
952 36 1824
1078 -42 3074
888 -51 1465
1018 -74 3890
276 18 1284
315 -77 512
236 -67 3108
270 36 3969
999 61 261
693 12 3291
173 14 1099
805 91 3940
650 61 3604
389 92 2983
48 99 322
246 -70 2315
1009 -58 3951
965 -44 1222
498 11 1460
764 -59 2643
549 -95 2349
400 -45 3019
897 -97 3125
89 -82 3003
862 64 3980
768 -49 3550
447 86 1707
602 -59 1806
888 -35 2279
1032 -97 259
95 -46 875
365 -38 373
778 -10 1804
252 -38 3280
922 -8 336
408 10 2973
114 77 3997
797 -1 2597
1140 -59 3785
1183 44 626
1000 -77 2207
385 -52 2866
345 47 916
243 35 2277
820 99 698
29 95 2256
191 5 3957
715 15 1272
1224 47 1177
117 52 2373
814 20 162
582 -46 274
449 27 1158
1216 -47 1881
330 13 1318
769 -10 3733
532 90 3276
592 -48 1439
892 -3 939
1053 -65 1923
650 16 490
395 95 2576
1218 -40 248
748 95 556
1067 35 3091
1146 68 1845
123 15 66
1144 27 3387
1115 23 3872
233 -18 905
87 -90 2125
645 -2 3651
997 -34 10
758 25 3712
719 7 2210
1210 -68 2145
62 54 38
648 -75 2733
96 -36 2370
614 22 3264
600 91 3459
1228 -88 3160
642 -15 1247
1156 -75 1040
1130 -64 3694
290 -88 3112
643 36 525
44 -15 1977
833 26 3442
803 64 309
417 10 497
925 -4 2475
193 -66 1087
738 45 3836
530 9 3541
816 64 2409
1134 -97 675
177 71 442
1031 -29 3052
305 -80 588
471 -88 3324
965 78 233
470 93 700
961 4 3736
174 50 1047
154 50 559
874 -91 1149
783 31 202
653 13 1232
977 -2 2645
490 54 3521
827 -92 3587
254 66 2203
151 -2 728
656 -67 3775
1039 64 3664
478 27 413
771 94 1195
303 -33 2266
490 68 3758
709 -5 1342
594 96 3921
1167 -6 615
1210 73 620
1214 1 610
200 -6 381
108 -19 487
961 36 814
190 -71 392
306 74 1813
281 -9 3132
159 11 2563
868 31 3849
901 7 1685
1 -8 3965
814 -11 1243
1168 -77 2541
224 95 3586
1240 98 2628
68 -80 3522
1052 57 3937
305 -1 3377
534 64 2566
211 -31 2033
207 -95 2949
228 -16 142
402 58 798
1183 -95 1469
1079 23 3757
325 54 3732
325 97 1052
693 -24 983
702 68 2430
644 -76 2098
1163 88 3413
764 77 886
38 35 1070
624 75 2574
448 -60 1502
168 97 1293
1160 -16 1736
699 21 436
913 95 912
272 56 365
1017 -2 2024
911 63 3147
8 -72 960
725 53 2614
813 74 1875
338 -76 882
711 65 2435
1222 75 1117
379 24 1379
833 8 236
557 13 3794
26 99 1364
771 62 858
1060 -90 2918
40 -63 2190
262 89 3298
811 -93 97
1144 -56 3165
580 90 937
93 -54 1631
47 82 194
554 30 222
686 17 1144
578 39 3054
506 53 139
437 7 368
92 78 1905
269 96 2789
980 -68 2537
897 29 3549
1191 -97 1628
821 -35 2684
1079 -68 3286
271 -75 2073
261 -71 58
82 -54 3404
296 68 570
100 73 402
984 5 2978
1023 85 2275
765 1 3952
607 29 961
130 -21 2172
57 -69 2974
572 -45 3644
295 32 1105
119 -38 64
171 45 2356
1172 -61 2772
492 -88 1778
264 40 479
1074 67 3062
763 84 1618
546 80 1605
64 72 3616
1198 -15 2835
1112 -65 1064
1175 -61 163
1051 -76 778
395 -74 1058
1124 -32 3231
632 38 3581
384 -49 2759
399 -35 333
780 25 2526
394 42 3790
988 75 3891
64 -36 1529
648 -30 1674
998 63 3419
53 69 991
368 -46 2157
422 5 3044
265 73 1513
48 -69 3914
754 -19 1982
1073 12 182
218 33 3669
262 -24 1430
219 -12 2411
873 39 221
147 -11 3943
68 62 3910
219 98 725
868 4 2587
979 90 3784
1118 -28 2793
228 -80 2334
798 -15 2727
13 -72 2403
435 -50 3468
950 5 2488
885 14 1122
1126 -33 2660
275 -12 2758
1162 -7 1449
777 68 2992
562 -80 1155
1051 41 2879
658 52 3048
794 -67 2122
470 14 1178
856 -82 609
233 -5 2391
1193 -40 45
236 49 2905
383 86 2883
51 -63 2921
872 57 213
874 -60 3570
538 -52 3406
949 -42 3507
93 88 2077
170 -37 2945
721 39 2578
594 -29 2943
724 -2 1637
542 -34 3610
751 -39 227
626 -40 2163
313 -87 375
520 -31 3912
1048 24 1902
954 -69 3497
1155 32 3213
762 94 812
1163 17 2751
1190 89 404
579 80 1310
41 93 397
1094 -5 765
986 -12 3220
489 84 37
403 21 3474
1188 -92 2880
1182 25 767
894 -88 460
65 -49 794
177 -13 349
1204 52 384
548 81 1861
1121 -85 3115
668 73 43
81 42 1407
316 22 2283
404 61 2799
244 -11 3809
491 -11 571
966 -91 3877
256 -96 919
717 -21 603
613 55 2242
932 63 850
151 29 306
519 52 1007
238 -1 3051
932 83 3358
1039 -60 2120
1199 -19 1257
225 -99 2649
310 37 1776
126 -94 1739
202 39 3647
670 57 252
317 94 3329
963 43 3378
276 -15 3759
1032 5 1567
406 -100 2326
387 72 1482
714 47 3562
841 52 2197
361 28 3041
1044 16 2048
453 22 2501
971 -98 1300
646 43 1918
1187 61 41
1191 92 2630
758 55 3151
329 74 475
711 -87 695
856 11 3234
1035 -29 2967
159 -74 3443
1061 70 1227
694 12 636
31 -48 650
421 -96 2719
417 45 2214
819 -78 2498
1189 -62 2360
64 72 3956
908 25 17
1005 -96 1728
556 99 1579
677 29 3861
585 97 2227
1146 89 740
503 28 326
1108 71 2787
1222 59 2196
227 -13 2402
736 47 8
360 -49 3434
177 11 2056
813 62 125
819 13 2456
203 31 2135
555 38 862
1086 -25 3209
1029 -97 2825
544 41 468
540 -49 2422
1201 -77 534
816 29 1993
1111 62 715
243 85 246
659 -47 3619
546 95 3916
1190 23 3806
475 -81 2219
352 -52 3944
1015 -89 250
11 33 2183
448 6 4000
211 -94 597
667 75 3270
393 -68 2655
411 49 441
197 25 1729
715 19 576
624 44 3158
1028 -91 2155
949 99 2654
861 6 2262
552 12 63
1097 54 99
708 -96 283
879 78 260
899 -41 3156
1232 80 569
949 -70 980
196 42 2226
1067 -97 938
447 -60 3865
431 18 3601
738 -66 363
485 -49 3569
1013 -39 1370
1213 82 1727
1102 -43 997
262 90 3227
594 2 3750
752 -12 2849
69 7 1471
848 12 3789
284 -94 2894
1098 -38 388
207 -8 3629
77 -47 2667
802 -35 1414
896 -49 1880
971 88 3520
876 3 3955
584 -64 746
993 -83 737
737 57 205
714 -47 2768
362 -100 3333
114 88 3476
558 9 3177
101 64 3458
112 44 2658
329 67 755
150 -84 1417
467 34 430
1068 -31 440
491 92 694
101 -22 16
245 30 3662
168 -50 3254
219 -34 1643
826 42 1721
932 24 2896
673 27 2592
1000 76 3674
1153 69 2930
202 -76 3743
720 -41 852
491 -24 3394
160 59 2547
515 69 1454
865 -1 1511
69 95 445
838 76 208
1183 -56 1944
557 3 1490
694 -68 7
135 -37 187
493 -22 3272
77 -36 3717
421 -61 21
745 20 372
325 -73 888
727 -8 2156
195 -7 536
107 -51 2363
200 -85 1121
1170 -51 1820
1156 -92 1633
12 10 555
402 2 2728
985 36 2158
374 3 2830
155 -81 962
938 -50 716
510 85 3428
26 -25 2410
392 26 314
698 83 766
1109 -5 3162
995 -43 1546
318 -14 1026
497 -63 1764
708 72 1066
197 5 974
1064 59 1438
572 27 932
842 80 98
644 -29 3897
19 -56 2779
1119 32 3321
1188 54 65
78 -7 542
1215 42 2108
1130 11 1237
854 23 922
1197 -34 1790
631 -40 2241
310 -11 2599
335 48 3767
285 -91 1508
1064 0 1406
1190 -65 557
738 66 3014
977 65 1619
42 -39 2310
598 -81 876
1121 -72 311
743 -67 1434
873 -19 1137
496 -80 3247
1015 43 1288
859 -81 3814
605 4 20
1210 -89 2821
789 36 2548
1058 -58 1574
52 72 1334
584 86 1933
670 -91 1396
814 -6 1941
657 82 1692
67 67 2217
895 93 1645
883 -82 2062
1202 -96 160
80 80 231
389 -64 118
736 45 711
30 41 2065
668 -52 3652
1106 -89 1071
839 -14 1442
763 -74 600
327 40 1952
361 -59 1448
392 99 3055
591 -82 584
42 95 3755
608 73 2480
930 50 2143
777 97 3435
359 -27 3960
1040 80 3655
554 -78 3189
940 -4 1630
1146 -11 2446
124 -70 1010
511 53 2767
869 -70 1198
443 76 122
161 16 2668
1009 45 1005
662 -79 3150
440 -97 752
182 39 3640
511 -90 2913
815 69 773
943 -18 1940
860 -27 731
253 32 1031
1151 -99 3137
1085 -96 1657
1108 -66 839
110 -89 1041
354 53 2615
835 -80 3642
744 -29 3278
934 -3 3589
279 -58 3218
872 1 707
594 -84 3600
1073 -42 49
1097 -83 2940
418 1 2348
1070 -31 2317
841 64 2421
189 35 1345
1160 -91 2250
1051 -94 1928
255 51 2494
311 -22 2903
338 1 3771
1037 -46 1028
825 -17 1039
43 42 2646
624 75 2401
184 32 2416
414 28 101
179 -95 3742
304 -13 47
485 92 3226
861 59 895
733 -3 2897
1133 45 3543
338 37 2020
735 77 1698
274 -48 678
523 -53 2355
412 -64 1111
583 56 335
390 -43 2569
674 58 523
1023 19 3902
201 93 2046
595 -9 1676
291 43 2610
492 22 3421
776 -99 3545
779 -73 225
975 36 2774
1239 31 2959
158 -94 623
1070 16 2374
483 70 3202
337 -25 3079
466 53 2465
822 -4 1455
621 -84 2220
1027 87 1871
409 26 2747
1177 80 1691
1201 -84 1888
1228 -80 3648
717 14 1003
241 91 2007
474 59 1135
877 -59 565
886 34 2123
324 -2 1432
763 -65 343
955 -32 2714
404 -27 1077
126 60 3598
732 16 625
960 -53 3493
357 -82 3281
620 -100 284
782 93 1757
924 -25 3502
616 -31 1384
783 96 662
76 -1 2171
185 20 2916
610 48 3021
418 39 966
1160 20 696
246 18 566
741 3 3653
624 52 2017
344 78 1043
196 -88 789
29 4 3621
213 -99 2723
146 -7 3352
178 32 2885
358 48 1446
371 -44 1644
1204 97 1078
330 -41 1580
988 -92 342
337 -16 1118
145 4 3483
795 78 329
8 -55 2627
1049 -17 897
765 83 2026
1138 89 3447
771 48 3077
7 -21 3403
1038 52 1673
1044 -45 2306
138 96 3747
361 -58 3527
219 43 2619
1106 -9 2626
376 57 2790
803 11 2952
159 -17 1844
195 -9 724
1189 -52 3675
940 -13 348
1171 46 1838
904 71 1207
1066 38 787
236 -57 2939
668 -25 3821
431 43 2293
647 -67 799
1011 38 214
859 -26 1798
807 -47 691
761 -60 1825
119 66 3503
583 -11 3874
626 -2 2901
586 -56 299
276 36 3553
1231 -25 677
101 -54 106
615 -100 2984
160 -30 1789
934 40 3383
1021 -31 42
1116 3 595
403 -28 1204
512 27 1510
430 75 3180
1142 70 1055
884 -33 1487
1116 11 3617
225 -14 3634
760 12 1285
1100 -6 1394
960 11 3357
595 89 2192
412 8 3947
994 44 3627
540 44 1229
855 -80 2636
636 92 2022
993 54 2621
941 18 3884
196 -43 779
266 -100 407
1204 -38 1869
441 47 117
116 74 2213
960 13 1884
1071 -75 3339
369 52 3282
797 -44 3825
975 -52 88
999 -48 219
60 -8 3633
836 -54 3437
63 -85 3301
270 -86 942
1171 0 3100
1094 -14 2937
27 71 3488
530 62 107
1188 96 448
371 -27 1276
328 24 2938
287 96 3505
1064 -8 618
119 -40 3323
1047 98 2603
1078 86 1791
295 -29 526
21 60 2006
284 80 1771
1145 3 3082
404 -14 1356
674 -29 73
1024 64 827
582 67 2188
238 44 2729
418 -72 605
629 -14 3228
840 36 2601
558 80 802
518 2 2206
968 84 114
613 95 2308
749 93 2089
1192 -99 1541
1000 -16 1828
488 69 2769
575 -84 2445
897 23 1330
383 50 3374
411 -1 3343
436 -15 330
1185 99 2101
1079 53 780
790 27 1236
578 88 2776
334 -34 808
1075 34 3172
594 -58 3204
1100 48 681
924 -1 2823
1099 -13 75
1008 -13 115
292 -4 3941
738 7 1420
567 -50 2406
1114 -57 3430
26 30 3351
783 35 2352
110 13 1049
57 -44 3452
129 -58 3613
318 64 2368
533 -75 1128
1124 86 235
181 77 3853
926 -23 224
1101 98 2593
898 -79 3841
196 -47 1409
956 29 1235
790 91 1347
1156 -90 3256
1168 95 1183
204 54 1124
1006 45 741
1065 -70 1263
663 -74 782
196 4 3289
255 -30 1421
338 38 3371
479 11 1742
23 30 723
477 -22 3266
1075 70 3602
367 42 1686
104 41 377
1224 95 1522
705 50 3842
912 95 2208
260 96 851
158 70 2907
201 -14 2724
431 60 2756
523 61 427
54 21 3102
400 84 945
479 -43 3142
810 19 846
50 -32 3927
458 -13 2019
323 -52 2521
982 10 934
580 -77 1597
400 21 2387
521 -99 2562
20 -19 3486
578 -7 3966
927 -37 1526
591 29 3069
179 -98 3499
501 10 2232
720 71 3061
149 72 2008
179 25 1913
212 -96 881
404 -62 331
1064 14 1354
473 28 3035
289 -94 3729
434 -98 2802
860 -16 158
783 -39 516
94 98 2663
708 -36 3284
113 72 2290
94 14 2922
26 90 22
512 38 3294
459 71 2513
491 70 1787
835 27 1093
92 72 2167
611 -98 93
413 70 701
1130 -59 3211
1231 -54 3144
1224 -36 3009
268 4 3285
631 9 1477
896 80 3838
876 -58 1262
1155 99 3462
682 -29 3373
610 9 389
97 92 2715
1119 85 3192
1033 -21 1025
1069 -64 1171
64 -17 3450
1042 99 1573
92 -54 2113
1016 47 2808
353 1 206
1209 37 2653
603 -29 50
1108 -95 1532
834 -4 353
804 -73 3393
835 28 1397
959 24 3929
1052 95 3593
894 95 3001
72 28 1544
236 75 3123
610 23 6
174 20 3367
611 -86 1097
788 -65 1086
539 -65 2439
768 87 3350
791 2 1997
870 -54 2966
530 -40 91
1029 99 599
361 -5 1956
281 62 3704
581 26 3813
938 73 95
1128 21 2482
729 -93 1846
1002 -94 3279
1163 25 2545
912 61 2319
146 -34 1489
900 -26 135
1130 -51 3170
203 -67 657
763 -71 2455
1155 49 1368
277 37 3866
26 -64 2637
527 -1 3330
941 -35 1726
916 -42 3251
583 78 3977
716 -98 634
105 40 79
270 86 3572
836 -36 1973
861 -45 3456
854 -95 2568
659 -3 2675
482 -16 3606
1034 -68 1090
492 85 3596
1137 30 3240
675 63 395
85 71 3097
268 74 1841
43 -1 155
32 63 3335
591 10 3534
452 -96 3896
563 74 3942
521 93 3201
1063 3 3359
623 23 1002
1001 -4 568
1195 6 1282
118 -49 686
290 -92 3385
896 28 1378
831 -78 3605
598 16 1609
731 46 2453
42 80 638
515 -10 285
692 -42 2991
1213 58 774
886 16 302
195 54 3933
773 -9 419
599 1 72
821 58 1264
1236 87 1641
718 -100 3682
121 23 2632
99 -26 539
861 54 834
1067 -13 181
1000 -20 891
587 97 3364
827 6 437
506 -21 454
534 -15 2534
1009 -56 1991
200 4 1174
552 -36 3622
223 -44 3646
1080 -23 3195
106 37 3979
44 69 1109
840 -11 879
1143 -81 1922
200 36 2493
149 71 990
478 95 3983
200 -4 2380
15 -30 1879
384 -63 3544
886 -27 136
1149 80 84
385 90 2641
264 33 3057
414 -12 1848
89 70 3892
282 97 1785
16 -77 280
437 79 2579
462 28 3455
162 87 3556
837 -44 2817
403 28 3237
16 -4 865
647 -35 1172
965 70 3837
319 25 2259
221 20 1695
866 -3 3737
505 -79 1166
1150 -83 619
1046 -3 307
767 -30 316
994 36 1083
1148 98 3070
868 62 494
685 7 1649
344 -93 1304
691 -60 3851
1124 -53 3306
1141 -91 3580
917 15 2066
1198 92 2204
276 35 2867
440 -84 1926
83 13 1700
1070 -28 3072
879 18 3098
241 -79 511
657 3 645
1107 63 2267
682 -17 147
1116 36 2676
793 59 340
1029 3 458
279 25 3526
1213 92 161
1059 42 1521
985 -18 3781
591 -8 1862
952 12 3384
859 -39 3761
346 -94 2270
710 -39 2884
826 -2 2560
405 51 736
592 79 608
934 -50 1681
238 24 2996
366 -13 1240
40 48 1206
901 -41 3513
602 -91 3304
318 -52 2185
586 98 792
720 36 3922
852 -32 3797
990 -59 2926
178 3 2970
33 49 3639
373 -26 294
245 -20 3305
916 79 323
1118 2 1602
941 -53 1617
1125 -92 1899
530 -65 2695
697 29 1561
1016 36 3725
861 -53 1116
862 18 815
672 -12 2750
340 -62 500
1127 -47 2704
1087 96 1924
967 71 2722
191 89 1985
307 26 579
680 69 3161
410 -42 1737
314 46 2110
614 70 816
987 35 2701
602 -78 685
555 -63 2625
1103 18 1224
840 27 1080
235 0 3525
574 3 1115
123 -94 1352
289 -16 2437
180 5 1014
47 37 1319
759 84 1826
998 -43 1189
924 21 143
991 -65 3090
783 19 1598
644 58 2377
487 -69 1244
1225 -80 2752
970 0 3127
866 80 1060
987 -17 334
39 2 1497
1199 -73 244
941 -39 3332
272 85 1534
559 -32 1323
321 92 2141
210 -86 2039
747 88 3869
336 42 2648
342 -34 732
973 63 1107
504 71 3953
457 96 2094
1065 40 1387
370 10 1557
41 -40 2500
823 52 2434
64 -11 1858
195 59 2140
253 15 554
429 14 3178
513 31 631
337 -37 1373
1218 -65 735
817 63 3548
264 -63 3245
760 -94 2289
636 11 2041
218 -66 3464
581 35 629
442 17 2511
1164 -56 23
1057 80 1911
822 11 177
187 -25 1949
771 -73 3575
958 42 1112
263 -100 2431
189 38 2305
494 70 149
1025 83 3369
872 33 2670
1127 11 3687
161 -22 593
781 -57 1769
6 66 3185
878 98 1392
214 -79 3287
921 2 2698
232 97 1859
405 53 1672
270 -7 2443
1031 23 1012
842 -58 3533
91 -46 2801
511 64 3408
641 86 1974
380 56 3146
982 -82 1562
664 31 2280
1039 -100 2965
919 27 3118
286 -49 955
723 -43 3974
285 -5 2557
965 93 1929
596 -14 1514
477 -71 3888
101 92 1506
796 -51 3615
521 9 2732
401 -64 2320
1160 87 2598
404 13 2395
70 78 411
1092 21 1998
360 -45 3618
454 36 1103
918 -95 3697
1185 -83 148
280 53 1398
1064 -88 3666
1068 29 3873
527 -61 1133
327 -85 1860
629 60 463
524 -57 1498
1130 38 2764
11 96 3318
126 19 1335
1237 69 3348
562 -92 1431
619 -64 3934
1150 48 318
50 -60 30
181 44 2295
448 0 2860
481 64 2011
1176 -100 3858
675 75 3056
998 -46 3138
289 -24 661
1106 -18 1301
358 71 2478
87 65 137
41 -7 1596
946 -98 3511
54 24 1788
298 73 2102
687 -83 2199
454 -35 1894
240 47 2932
288 83 2575
300 62 482
1153 -5 193
278 -49 1990
700 0 443
223 57 3233
711 93 1385
684 83 1932
1006 -66 1754
165 -91 3485
694 -98 509
699 22 2662
119 -39 665
235 -55 714
1108 23 3030
979 -68 3199
907 -2 2452
648 -46 240
498 16 1275
1073 -88 3208
320 -73 1744
1016 5 739
864 51 1019
504 5 2075
738 -39 2795
541 42 461
907 2 2878
805 81 1830
675 40 2244
509 -64 658
1033 89 1110
141 47 771
1199 21 2169
367 90 1108
1052 94 791
707 -27 2269
1086 -68 2311
772 69 3762
388 -21 1156
266 -15 2919
959 -13 288
410 50 1709
299 20 2330
940 -82 2699
637 -9 1437
668 -39 3860
254 -8 2542
614 -33 2782
429 -71 81
319 87 1312
404 83 3454
804 78 3263
94 -97 1947
1193 29 3111
282 -62 2520
996 72 793
686 -44 2739
1015 -25 2736
55 -33 3970
1151 -21 382
1221 -42 867
53 57 722
855 -44 3528
860 -16 3022
1042 -52 3221
794 -98 2130
233 -79 264
1005 -54 1590
406 65 1313
55 72 1705
799 -45 1079
519 -69 3833
621 -78 1475
307 -76 819
927 -95 935
33 -100 281
75 -54 549
137 -45 3848
1188 -62 60
124 -20 1625
326 55 310
208 16 744
71 -14 2010
818 45 3095
535 90 1150
1094 54 508
63 -14 3660
1186 -96 2133
326 -43 452
175 -8 447
387 93 3592
741 -54 1839
694 -11 2104
1103 -56 3800
991 -90 1713
867 -6 889
1173 29 1035
1104 -13 2892
526 -29 1639
664 75 408
59 -94 3715
984 97 2304
94 -95 2812
1031 -97 2166
268 82 298
327 -51 3197
699 26 1424
961 -57 1874
352 8 355
766 47 3964
680 99 1865
654 -64 3465
126 -93 2211
1192 -42 2121
324 -2 1157
87 88 676
289 70 2685
141 18 3903
1221 75 3880
733 -31 747
769 82 3730
14 4 477
277 72 1164
744 71 25
465 50 180
1078 -79 3973
570 -37 2822
211 -28 3122
293 -67 824
1083 98 2888
424 1 3060
343 -53 3203
513 -56 3678
1078 99 2595
136 46 2090
464 48 3362
69 -29 586
1059 29 1953
331 -57 2072
952 -51 3027
245 39 2955
990 -91 1900
279 -22 1891
509 -86 1847
1235 96 2174
794 76 2716
454 -52 3223
994 35 616
751 77 2571
715 -21 2975
1081 91 3307
442 -67 999
433 -19 3176
671 -30 3320
590 -87 1782
660 85 1706
31 88 1503
89 -15 843
243 0 1837
1242 65 3650
570 -35 2908
493 -79 2159
1016 9 2887
842 -62 2338
349 20 159
466 75 2814
161 67 1980
1213 27 1527
101 -77 1001
490 84 2237
838 10 3931
896 26 3768
1040 52 3625
466 -7 1205
1064 -88 2828
424 61 1022
1103 -55 400
1069 -56 1456
904 49 366
1055 -3 969
1049 -63 809
941 -83 2378
491 26 3487
886 83 2441
1241 3 978
1198 -85 3380
1013 42 1175
273 57 2604
359 -42 1718
1109 -70 48
478 -2 2738
407 -100 1
238 -16 1904
647 -74 900
716 68 1714
1022 88 1191
1109 50 1537
647 -41 1914
219 19 3846
475 -78 2745
983 19 2906
503 32 3039
1181 -58 3423
593 32 3153
455 94 3495
1038 47 1303
879 60 297
1120 -11 1575
458 37 3018
1073 -42 984
147 55 179
31 -30 3701
905 -18 2624
509 -44 2454
373 45 35
340 93 745
1013 -41 24
707 69 3623
1190 -45 3084
64 -90 1382
47 22 1126
447 -86 775
182 26 612
665 -53 614
416 -69 3917
1027 62 3893
860 71 1850
207 -57 3774
1032 -16 2460
987 97 2134
228 -73 3143
415 41 1261
433 -96 3326
1204 -96 2956
398 81 126
1052 47 1853
1171 -77 2432
148 -88 1317
1200 23 1833
863 42 3249
642 96 3710
112 88 3494
176 -16 1834
1168 60 1836
468 -96 1783
893 -83 1197
1227 -9 169
292 -40 1447
130 -10 2506
273 32 2000
837 -17 112
478 37 1216
805 -25 1340
393 -52 46
575 -94 2390
617 67 428
253 -75 1332
212 70 3727
563 86 953
518 17 730
294 58 981
118 -2 646
576 -26 803
918 -2 1696
1131 27 705
1086 39 3680
1242 -97 1095
99 -61 3253
729 95 517
318 75 3418
7 16 52
314 22 1457
339 -50 3356
562 -55 2413
318 32 2734
612 -36 3258
896 -84 2045
401 -73 2688
510 22 1056
1132 -29 3328
991 -69 2044
655 68 3045
913 -84 1366
326 -100 2404
902 -73 2359
847 -6 783
687 -77 296
484 97 3661
217 -38 2109
1032 -23 386
696 0 1265
518 -13 2813
172 81 450
527 86 1146
332 -88 1563
410 -28 1823
310 50 817
852 55 844
258 39 1463
862 -50 1361
401 71 1179
578 -4 3718
469 81 2507
195 4 1675
437 -72 29
1233 -34 833
536 52 952
16 44 2178
514 -42 469
390 -36 2997
158 3 2059
109 55 659
396 20 3812
873 -17 811
1096 29 3182
1141 -12 1762
359 -11 1339
575 97 1151
717 69 3059
501 -80 287
1217 48 319
454 -55 324
370 63 1758
1113 -38 108
613 75 1832
476 51 3461
505 -79 1069
1018 78 2567
1181 67 1295
278 30 2977
105 -79 2605
115 -47 3429
778 36 1606
833 36 2191
1064 26 3635
400 -19 2154
200 -22 2030
831 -40 1693
732 24 1943
234 -84 328
279 63 2425
387 -30 3375
1139 60 3163
727 36 742
1206 5 1735
320 23 2631
110 -94 3539
247 -100 2833
749 74 1376
123 -73 1233
458 -53 2146
542 -31 3011
986 -54 1921
284 53 998
1197 34 3885
273 78 1688
997 26 1920
1225 -1 2336
1170 5 1365
141 -88 923
745 -48 3135
1115 68 1032
267 -2 1749
70 -91 3728
951 -24 249
24 -61 3817
1179 -17 3331
31 58 2725
586 99 3337
286 65 2871
1002 99 546
911 84 3961
758 7 3013
859 99 3063
1017 -14 2112
203 -68 1367
656 -78 1978
516 -19 3772
829 25 928
569 95 1988
1106 71 896
558 -71 918
477 15 842
1048 -36 3032
852 -38 485
1205 68 1723
867 70 2933
631 37 533
1172 -81 209
110 -55 2165
675 44 1102
905 -77 1200
508 61 3152
375 44 2054
1068 22 14
249 50 2633
193 69 959
1040 -42 927
765 21 2683
726 -38 1653
735 97 1129
649 33 592
1207 -93 957
174 3 100
656 74 3292
693 13 3431
328 -12 2255
787 6 574
715 -56 3366
817 -81 3073
397 67 2528
973 22 3918
690 52 1106
415 -53 2504
1004 -89 2672
207 40 275
176 -88 2215
42 95 3164
165 -54 760
676 81 3588
896 -67 541
447 25 810
1192 69 3658
863 68 1374
179 22 3887
995 42 3734
1034 47 996
1213 26 1665
478 10 3126
328 -97 3028
435 -98 2680
540 91 2773
773 -8 3417
963 0 1114
1018 4 3883
267 41 2424
588 -11 1812
1211 32 2971
74 71 3764
342 94 1074
1134 4 1483
658 -80 2803
395 -57 2564
1188 -55 203
814 67 104
934 29 1912
690 -8 1036
844 6 3232
744 75 13
218 -50 1655
55 85 1221
657 -28 1299
950 91 1936
647 86 692
399 26 3679
296 -18 3804
245 -77 2843
289 -16 3699
999 -53 3907
1029 -74 360
801 -52 3735
111 -99 266
750 -57 128
278 94 788
1084 -48 1472
48 -33 776
20 46 1441
1073 -3 1327
1041 98 3250
506 -73 770
1035 62 385
765 6 2686
141 -86 3179
1108 47 3029
31 61 1942
1100 -80 2139
918 43 3692
708 26 2288
629 -55 2824
255 49 1278
315 -8 2176
691 -62 270
41 96 3308
466 -42 3612
684 5 453
68 47 2225
833 28 121
996 -55 3498
271 48 3390
1185 -49 1870
1018 84 753
962 -28 1148
61 63 3230
223 91 1551
792 -34 1474
387 28 1906
857 69 3457
221 -77 2302
978 30 3535
693 57 3523
525 54 553
383 27 2832
299 -100 1732
246 22 2941
1067 97 3273
297 81 738
120 -72 585
296 88 2088
1078 24 887
751 -71 768
800 -62 1983
781 -85 3004
23 -4 2412
472 -2 3283
521 -57 2314
474 -48 1663
157 -96 2613
544 -51 2340
874 -30 3010
877 -28 3603
1025 71 3016
723 7 3071
481 20 2055
703 13 860
228 77 2043
480 -45 3638
72 19 548
802 15 2175
1074 -62 1458
267 -33 418
104 -92 3188
500 37 423
730 17 1024
299 53 1165
159 -86 3086
498 36 2291
715 98 199
252 -86 2286
1235 65 197
489 74 1930
357 -67 3121
583 -91 2810
440 -12 2397
264 -72 2998
658 64 3756
448 21 59
675 -5 831
757 -74 2060
248 -46 3963
76 -82 2741
92 19 2804
538 -97 2963
725 74 2161
914 -15 518
1073 16 1559
740 -8 2972
286 -63 1015
46 -36 3299
319 91 784
137 53 1433
157 4 2687
893 -84 2082
268 62 1793
1195 37 3996
367 61 703
621 -80 141
719 95 2173
1138 -18 2449
1202 -4 2748
1082 86 562
1164 -54 3174
580 -100 444
120 -17 502
600 -25 3978
472 -38 1062
420 -21 3670
959 78 1279
88 81 3007
1115 -38 434
95 8 717
1096 44 635
220 66 2234
613 -22 157
546 -57 1094
132 68 308
84 -4 3047
1194 -89 551
617 -94 3110
925 -3 1154
661 58 3473
621 8 2765
769 65 347
174 86 3391
127 -4 2762
53 9 1593
853 51 3259
1145 76 3863
1143 31 943
634 -34 1975
24 -24 653
982 -4 457
642 -96 3683
935 74 2770
725 -28 1601
1110 -56 2297
639 -92 2069
213 -40 2532
291 40 1188
470 29 893
747 23 2221
235 41 1976
912 -73 3958
887 4 501
106 80 2495
467 -22 2147
631 -26 1901
319 23 1139
1132 5 1388
147 -81 2186
1025 -29 2781
1142 -22 1033
1198 24 2702
917 64 459
1050 44 1136
268 42 2551
133 8 2252
271 40 3829
1047 66 2709
1170 58 2329
311 13 2987
520 24 3038
674 58 3120
625 -96 2322
413 12 2961
583 2 506
1180 -96 3852
587 -69 2524
407 17 1104
1017 -44 3255
518 34 1076
448 82 2461
489 -33 1539
434 45 1226
852 -88 1320
397 -76 3
583 44 3654
885 -42 2080
1013 -78 1476
1103 1 401
826 -64 2857
1187 2 1401
330 -31 3154
1139 46 2742
1195 29 1426
131 90 3002
1200 52 1311
360 -92 913
551 -14 2423
399 15 1550
967 81 3105
755 41 859
57 -86 985
244 53 94
311 89 1051
671 48 2299
363 -69 2095
970 -51 3381
663 31 2957
530 98 885
980 0 2408
1165 -94 2514
303 -58 109
426 -30 3876
444 94 854
1149 36 3361
926 22 2023
1170 -21 3856
533 30 3104
594 96 2681
306 -43 1266
431 90 2700
1032 90 1416
141 40 1716
487 55 3820
1172 -1 1089
283 38 1355
318 -47 652
522 94 543
164 -67 2807
105 18 486
15 56 1781
387 -84 3181
720 -19 594
1168 -54 71
55 36 1964
272 14 2811
377 -82 1063
324 -69 3620
472 24 3659
1088 79 1810
1002 -26 1667
1004 -13 2300
891 28 3599
1072 99 3168
101 -33 1525
1137 -16 3372
280 -77 2400
905 -97 3463
49 -100 2353
134 -1 1444
138 -54 51
516 74 1756
164 64 1048
631 -48 2694
361 62 2268
614 -83 19
1089 -58 1260
1020 -85 2581
959 40 3702
984 92 1325
912 -14 1882
936 81 2365
784 59 1578
718 -86 2195
652 -26 3198
138 -19 2640
956 -6 2086
854 82 2580
545 36 1890
378 2 1957
877 -96 3531
840 54 1671
695 58 515
89 13 3782
828 -57 2868
293 -85 3215
257 37 2899
546 -84 338
1222 42 872
961 -95 2276
787 -1 3609
579 -58 166
620 -20 3726
251 -25 1230
654 65 3412
339 76 3438
180 -82 3319
648 52 2854
641 -18 1668
1220 15 2953
603 -41 2856
1102 50 1868
453 45 2895
580 -7 2182
450 58 1159
177 36 1338
292 36 648
1041 15 2002
1050 -46 2264
502 -47 2479
231 -1 367
171 -8 3471
1015 67 3196
467 77 1168
176 54 1130
487 -5 105
839 -85 1690
186 2 848
728 60 2950
1101 49 1586
88 -86 2669
856 77 2389
1160 48 3327
912 -74 2522
974 -53 3405
33 43 2414
844 -7 762
1173 0 1123
260 -25 796
844 -42 3925
619 -54 96
698 -67 2013
1131 -87 3315
1070 -88 3667
580 -94 2912
1195 -4 689
913 49 967
767 -52 241
845 -66 2746
943 -30 820
58 -18 801
1212 -54 2710
58 92 1270
981 -23 2085
985 30 2652
741 -67 341
12 -71 3155
863 -50 870
373 17 1689
431 55 410
1104 42 86
651 -10 185
963 91 863
384 -12 2036
629 27 2508
834 96 800
1129 67 688
917 96 3928
325 -4 3584
719 -15 2730
122 81 1113
853 1 2137
387 -7 909
536 -74 1955
896 67 1020
1051 83 2673
674 31 2265
344 -25 2038
297 27 3482
1142 74 2426
382 -6 2679
360 -91 2958
672 60 2417
560 92 2777
6 42 826
436 -6 2865
549 -98 2935
234 29 672
960 -48 1451
486 -75 2312
243 17 2553
611 -86 1814
1113 1 2324
716 -61 1576
534 -6 3388
271 -15 2078
133 71 587
727 -28 1725
368 -61 2925
989 -85 3583
155 29 3793
867 -81 34
279 -3 3103
603 -93 3148
302 -69 1634
1173 -95 3739
111 -100 964
879 8 1935
1182 50 1333
347 -46 2331
600 -80 1065
357 24 977
1030 -9 1589
982 85 908
349 -99 379
443 71 3899
1029 -85 491
983 87 3426
72 -3 2909
153 46 164
413 -68 994
857 -14 3219
871 -80 200
575 99 2659
50 93 276
158 -73 1656
208 -46 572
383 21 3117
780 7 2362
423 28 2693
730 32 152
754 17 944
892 54 1531
87 -78 2440
1078 -36 1734
1235 -60 1273
528 -13 3950
546 85 2549
524 -42 2396
745 -85 3212
476 60 3738
340 -90 993
315 -30 3991
609 75 2418
211 7 247
1094 -69 3573
826 -48 2358
81 13 1428
307 80 3552
245 91 3101
331 -74 1435
1202 96 1120
932 -48 1212
813 23 3275
952 31 2951
526 12 3708
1035 37 3136
823 -82 3577
731 -68 1219
929 -14 1556
1157 -87 1098
1082 16 15
644 -6 2372
611 -46 2487
945 43 2341
46 13 2222
626 -15 1610
448 -36 2510
1223 -34 393
59 5 369
997 5 2519
216 -90 1772
18 -44 1987
319 12 1595
723 -43 2820
879 -7 970
372 28 3540
247 -16 2754
700 -86 129
712 51 495
640 -54 1683
307 31 2960
464 -51 3824
464 -86 2859
290 -91 3823
1042 -50 3449
860 77 40
246 -7 829
28 47 374
907 64 150
1138 -43 76
183 6 1254
1004 -20 2671
472 -58 680
887 89 2318
158 11 606
1166 54 217
155 -51 3106
250 -82 3416
214 -56 167
670 27 1452
113 97 2067
960 4 2600
631 60 2328
21 11 712
410 68 1408
1119 90 3948
1020 -32 476
935 73 3113
106 28 1740
546 -10 2873
282 -68 697
682 -86 3341
1013 -88 1072
1234 24 3932
428 -51 1951
718 43 1389
297 0 165
630 -10 2638
835 -55 2651
542 -90 1817
107 -76 186
685 49 2826
1081 68 3585
131 26 2343
1224 51 2496
1105 77 3317
839 -58 4
132 26 362
1160 54 751
250 61 3900
1199 -10 841
847 17 3433
1101 -4 2117
2 -88 1967
872 70 354
1087 15 3509
996 -49 1269
16 -60 1893
549 78 1807
533 -58 1423
461 -99 3749
1090 55 3436
79 -3 3479
156 71 3312
330 62 633
1025 26 640
228 3 3382
502 72 1255
289 58 1624
1051 -46 2588
531 -51 481
530 -20 836
1100 20 3023
67 -75 3157
813 42 1287
1213 30 558
478 14 1267
517 -13 3529
736 27 3092
1145 -15 3096
182 63 2570
66 20 1909
721 77 666
1043 -25 3690
703 -71 2037
1146 57 2582
181 79 2236
146 85 3478
404 41 291
86 -43 3392
953 -76 3740
1182 62 699
595 30 2620
574 28 2516
115 92 3288
708 16 3410
134 42 1629
765 -29 406
450 73 1961
1071 -9 1134
906 13 146
351 98 3229
617 -32 2129
598 65 85
541 -32 3984
562 -83 2018
771 17 2990
751 -57 1160
235 -67 2902
1044 15 300
357 -13 3850
339 -49 1760
805 -56 2003
257 58 2766
609 -58 2877
728 82 2893
798 -34 2946
1034 -42 3414
982 87 1684
1226 74 1091
990 45 3631
3 70 1642
493 -57 2886
515 61 3844
521 29 3558
1089 -35 273
207 -14 1201
630 55 624
1223 -70 1805
476 96 3886
116 93 2218
1161 -86 1970
421 -70 2639
199 -44 3409
1224 36 356
758 0 856
37 -50 3205
1174 -84 1478
382 63 2786
1182 -95 1694
74 -57 1491
1179 -79 1765
123 -89 3037
161 -63 3519
1213 -48 289
901 -60 1827
91 35 230
913 -29 1084
259 64 57
21 69 3802
134 55 510
702 95 2656
966 -35 2708
791 55 1246
1197 23 2931
247 -27 2099
368 11 3346
316 76 3290
681 84 2485
782 78 1523
121 -21 3415
1153 62 921
440 18 3224
723 -69 1239
1107 -50 2177
159 60 1141
457 66 2333
261 -66 2347
273 -45 1794
1227 7 1866
73 62 3845
194 10 973
808 -74 581
453 57 2272
538 -67 3962
1019 -71 2458
1064 2 504
932 -96 3472
633 1 679
571 7 3088
738 -50 1897
898 -83 3815
698 -32 3763
107 -55 396
777 17 3310
303 79 2677
886 -19 3050
200 50 498
1059 45 2783
1088 80 976
672 -77 1023
499 79 3141
303 -11 492
408 -90 1542
132 -51 693
694 31 2058
462 -100 2323
46 34 3854
1195 -24 2665
1084 -15 2467
554 56 855
580 -31 894
563 -5 1495
42 3 1808
345 -39 915
1016 30 3923
992 40 154
419 24 3124
146 68 2914
115 -1 56
107 86 3703
843 -96 3751
286 -36 3807
400 -19 2474
961 -48 1037
496 92 682
646 -14 3017
818 59 877
824 65 295
1211 -98 2249
864 -38 3707
929 74 2707
1238 14 1743
77 -57 1185
205 -32 2827
665 -58 3496
1052 78 649
446 93 2325
5 -27 880
111 -57 2924
347 58 1220
181 -2 3194
261 28 2515
752 4 3748
317 89 2025
986 50 840
847 91 3567
277 -23 103
1003 48 821
1146 30 761
1109 -47 2556
354 -7 2032
1171 63 44
939 11 1916
197 23 3269
269 98 2164
519 -32 1315
330 -77 2837
56 12 1720
609 -89 547
635 -5 3316
595 41 102
1189 52 3453
1056 99 3133
971 68 131
1119 96 3913
256 67 1488
596 50 1669
546 -14 3988
1133 38 267
150 -88 3810
112 32 930
800 -97 1013
467 25 3354
240 -18 1127
26 2 936
52 47 415
601 -36 806
840 -5 3516
190 -90 3134
122 -55 2559
752 -46 1119
1097 -26 651
289 -82 80
32 67 3882
68 -19 2505
22 -78 351
187 -45 931
688 -43 256
997 13 1429
288 24 2260
52 -68 3857
509 21 3109
1044 28 818
1061 -21 3217
602 -57 320
49 -2 2405
328 -80 3441
649 60 1835
715 70 1939
1004 71 2737
244 -99 2731
1066 -89 647
163 -31 3783
397 -93 2690
1083 -33 1697
863 24 493
300 -66 3590
961 -14 871
1076 37 134
197 29 290
764 -41 2572
1064 10 2968
454 21 3466
10 -46 204
522 -10 995
259 -52 866
700 -87 2472
1164 28 1101
716 78 1910
458 -24 3169
382 93 607
454 -40 1324
111 -21 3982
208 21 1741
492 78 2009
1233 -15 478
392 -86 3579
273 -31 3257
682 -27 1843
1182 24 327
526 -22 1755
680 -70 1329
247 52 3868
313 -53 3340
253 -27 1249
619 -25 1603
36 58 1176
13 98 2114
967 24 582
851 -81 269
309 92 3754
291 -100 1509
928 -10 1343
923 -14 2544
230 97 3608
18 -26 286
426 86 2796
86 -56 749
89 90 1061
1186 -53 2839
1089 -66 1517
381 5 641
433 40 3265
387 -57 2198
821 76 190
1048 -62 1752
1192 -7 2281
908 22 2170
831 -88 719
315 -77 2536
1076 -21 1017
788 -56 674
453 19 1029
701 -19 1745
1154 -11 769
364 7 168
207 -43 2775
209 -18 3831
858 48 663
854 97 992
402 -62 132
1089 70 1016
46 -2 3805
438 42 1008
725 -84 3826
380 91 2797
57 44 2489
1169 -70 1362
439 -16 2815
578 96 2890
720 69 528
69 87 857
990 38 2834
118 88 3139
727 -70 2928
29 -9 11
752 73 1152
1170 8 1984
789 73 575
956 37 1067
101 -87 3425
419 4 838
934 -29 1018
53 60 2263
1120 30 874
206 96 1242
885 -31 3065
455 -71 2502
960 -36 2573
455 -84 31
38 -25 3555
765 73 1608
332 -13 237
353 81 1302
440 58 3116
53 91 2327
163 -29 484
158 85 53
160 19 903
444 -4 1268
7 -13 499
31 83 3828
1016 97 2585
924 -66 2385
990 -30 3175
675 -11 3795
1093 44 1564
585 -46 3083
402 -74 1680
38 -18 3672
1228 26 3480
894 25 1253
1138 -14 2838
570 -44 431
1162 -52 3173
568 92 1572
691 17 127
46 -36 1746
1002 34 3342
935 81 3427
223 33 32
379 9 1571
1061 4 1492
570 -10 2448
967 28 621
515 13 3512
467 10 1588
825 57 1569
214 24 835
861 25 178
393 -8 535
376 -89 36
619 39 371
1068 69 123
340 -84 1167
509 77 503
421 90 1291
646 97 847
1082 -12 1464
1017 -46 301
805 85 3300
398 -40 3713
765 -34 3607
1006 -29 470
918 44 39
844 85 2127
1069 43 1092
470 53 3313
382 -26 1203
1013 6 1516
190 90 868
291 86 2948
526 70 2383
840 -26 3576
948 -23 2629
17 -79 673
818 -89 1613
220 28 1280
1099 -8 563
730 21 683
1216 -31 530
737 -14 345
961 74 2842
736 39 3080
97 9 1132
1221 -90 2995
517 77 3926
35 59 589
788 -51 3568
366 95 2337
100 14 1210
248 56 2243
243 -1 920
1127 46 1854
1166 -60 2345
442 4 258
601 30 1702
1160 16 1954
241 2 3547
67 -3 1708
84 -86 601
576 -11 3565
6 52 1173
758 -7 1336
688 -64 1405
477 -59 257
150 61 3477
313 -10 2049
81 -51 3532
298 67 2021
387 -48 3554
365 -72 2386
84 -61 171
383 5 3360
527 21 764
814 12 2012
5 51 3668
215 -33 456
706 8 3649
366 14 1560
135 24 949
481 -15 2586
395 -29 1403
545 0 2442
98 -100 1840
774 68 1162
804 77 3399
575 49 1611
863 -81 304
926 50 1568
513 5 1615
793 -53 2321
795 46 422
643 -47 2342
402 -13 3686
954 -68 1661
434 -62 70
1079 85 2180
167 -62 757
253 -21 2369
924 19 3972
906 -98 3636
687 -100 1011
1207 50 3745
701 -4 1453
1097 -9 1747
1094 -58 3020
1175 -27 954
1063 40 358
19 48 3401
252 -87 116
1 -60 110
943 62 3855
780 -15 3999
116 -6 398
603 -85 2923
319 48 1349
492 -33 3344
509 -51 1504
136 -42 2718
774 -45 464
428 78 3053
229 8 3746
902 16 1131
833 -89 1678
787 6 2589
462 -39 2846
958 -23 3129
83 -90 1021
1091 52 2149
535 3 2844
1149 -20 124
989 66 1934
63 57 1170
1195 27 3222
73 31 3986
1227 4 133
619 43 2251
105 91 2107
1076 -23 3731
1081 41 3026
176 19 2491
521 35 1632
161 13 1969
468 -67 3145
431 -86 1202
339 51 1533
1097 -3 3971
118 48 1518
1005 -87 184
373 50 2980
1084 77 3355
344 -21 1751
179 83 1054
1225 -1 630
465 -5 1147
647 -36 3954
705 -91 292
974 -45 1059
626 61 1187
475 84 3200
176 90 3252
219 -25 2985
1003 59 3094
817 5 1842
667 -48 2753
592 -5 3614
253 -99 2927
923 29 914
336 48 1903
1018 -72 2635
1194 -63 3422
1153 -2 1252
1182 -48 183
334 -44 176
392 -97 1006
950 -99 1896
134 47 3557
947 39 3924
196 14 2481
1071 35 3439
656 52 2483
442 68 975
1234 32 1819
446 -60 1594
928 16 1803
98 -59 3244
237 34 1876
594 22 989
1105 32 3484
439 -80 790
380 -10 2634
848 82 2223
301 -79 550
761 16 729
92 -68 1999
796 -20 3689
1226 -34 3862
1204 31 3420
579 59 1344
687 -12 2993
868 -9 293
1131 -41 3345
547 7 480
587 42 1100
860 -13 1867
814 41 2740
636 11 2788
531 -78 1507
901 -97 3867
2 62 1979
817 32 265
67 -11 1341
1065 44 153
54 97 3987
739 41 2097
309 -29 3099
812 -26 2760
3 66 643
122 73 1363
262 -47 156
433 36 1466
1005 61 3920
321 -49 1648
62 -7 1075
394 -30 3309
458 96 2138
19 94 1042
581 95 1360
568 -5 3792
525 82 1009
1238 -5 313
178 80 2703
82 92 130
506 57 2459
1065 -14 2118
557 61 3998
986 -36 878
306 6 1750
164 45 2565
1200 92 2162
315 73 1856
831 -25 1353
112 98 3267
1126 89 1512
972 79 2540
251 75 1528
1123 -13 2618
719 54 2005
886 -3 399
236 -23 3930
93 -68 505
1010 61 3475
292 -28 1730
323 -7 2697
293 -3 417
323 -50 2344
267 38 111
216 -57 2468
531 -73 3696
703 -13 3911
168 -46 3379
562 16 61
573 -49 1440
551 -77 370
635 -55 564
589 72 706
408 -52 2092
271 -46 823
558 -7 1321
247 50 3311
715 -90 451
970 -84 2247
1206 -56 3834
326 -44 3000
1047 -22 1587
1034 15 1646
7 78 3049
998 98 3744
1152 72 3741
468 89 3216
725 22 899
374 96 332
528 37 2735
162 -100 191
387 88 2438
1045 58 2863
1001 -3 2298
730 92 439
375 -90 1238
20 63 2503
338 -63 3184
97 -65 1419
197 87 759
813 58 2407
17 48 590
445 -61 1536
154 14 654
270 -83 822
378 89 1931
765 -22 195
787 24 1046
360 11 1386
538 7 2427
69 32 1908
456 49 2064
966 51 2845
960 -26 1731
1040 -82 1245
1091 -45 2042
325 42 1381
69 -1 3470
559 -39 1662
421 42 950
1127 73 1855
407 -4 2800
197 12 435
996 -80 3906
33 88 1558
1116 -58 3720
646 75 3935
376 11 1582
741 -22 1722
568 -1 2148
480 14 278
481 -27 1554
534 -50 1796
569 60 3563
824 52 1895
1075 18 1659
1096 67 2
239 -40 3698
949 52 2647
28 71 3637
879 73 3537
202 29 2096
226 47 1443
948 -27 1548
891 -99 1822
885 94 2755
155 -15 2962
864 0 1296
116 40 1917
335 54 1701
836 31 3031
115 -71 3376
694 48 1481
1175 -33 446
216 -8 507
166 -15 604
951 51 2367
544 57 3989
696 -50 1759
1096 91 272
1186 89 119
821 62 1864
568 -62 3481
38 17 2057
281 -67 234
114 -13 3722
623 -52 315
1228 11 3314
246 -46 2238
2 -73 3566
436 -16 1886
1231 -47 3801
154 -41 1664
971 -52 1774
697 28 2696
1180 89 1519
873 58 305
1113 78 1161
150 -32 1258
926 74 3677
1154 -34 3268
166 60 69
253 -13 387
639 -82 522
862 -30 2031
938 20 3594
760 -91 1638
654 -49 2623
50 44 3338
83 -85 3597
278 16 189
251 -5 2558
62 23 1181
586 22 3959
1034 99 2988
787 52 3446
336 -27 2201
567 -43 210
527 36 2081
1154 75 3040
697 60 1852
775 0 3551
242 78 3353
265 -58 2235
401 -55 424
776 -60 1459
924 81 3271
739 79 3149
101 -85 1784
1115 -53 3787
136 29 3015
857 -56 777
19 -93 350
605 -64 1369
600 99 3723
885 -28 3765
740 71 2074
357 12 3191
604 31 2294
1127 -74 861
192 11 1372
1011 -65 837
823 21 986
151 -87 1968
60 -3 2419
1147 -62 3445
498 -61 708
1214 95 1724
905 -17 2771
1004 -42 540
274 51 3875
1029 34 3167
926 29 2726
1146 -81 1898
1058 74 2864
620 39 1241
607 97 1679
999 85 3788
589 25 2876
546 -35 813
1120 -10 3643
63 -62 1636
165 -59 2181
66 75 1986
1184 0 786
73 -23 2194
193 84 2228
6 -34 2216
102 -37 2436
365 39 1306
64 52 873
776 95 1082
625 -100 795
70 98 3939
633 96 1703
734 -75 529
413 -32 1142
25 -36 2539
104 -59 3087
1236 31 3968
697 -73 2392
986 -97 1404
1089 -22 2309
949 98 3628
545 33 3260
493 -17 2240
203 81 3919
482 38 466
126 92 2307
175 50 1946
78 84 532
986 -2 2617
983 87 405
603 8 3043
834 -18 933
1025 -62 1581
340 23 545
940 -59 1887
102 51 2855
614 4 2583
976 39 2116
782 -5 1153
266 -55 120
663 -39 2028
1237 73 2590
759 62 483
536 -17 3508
172 13 1383
196 51 2463
398 -51 1322
576 23 1331
471 34 2398
1070 -67 1815
1120 66 1777
918 -79 1096
948 88 1223
350 -6 1761
720 92 325
1208 -94 583
1180 62 2126
30 55 1308
1090 -57 420
1211 9 2258
181 86 3444
155 -37 1125
1038 24 2047
413 -42 1199
1051 17 2847
1242 26 2466
47 1119 2
793 853 4
1173 1237 6
653 1000 8
661 777 10
656 1070 12
28 361 14
527 612 16
220 365 18
1202 1212 20
313 751 22
543 620 24
1132 1226 26
1133 1228 28
447 1136 30
910 934 32
421 907 34
936 1196 36
898 974 38
1234 1235 40
893 1034 42
166 443 44
947 1174 46
19 1143 48
228 469 50
228 533 52
700 1083 54
554 791 56
1073 1120 58
175 977 60
597 929 62
955 1080 64
9 689 66
51 405 68
679 1171 70
535 1020 72
136 1031 74
381 833 76
314 1209 78
456 465 80
1053 1143 82
844 931 84
586 587 86
534 1000 88
121 980 90
1210 1239 92
1180 1199 94
393 471 96
116 854 98
713 1122 100
50 861 102
962 1089 104
865 1233 106
768 1044 108
654 723 110
321 796 112
1197 1231 114
416 674 116
323 433 118
1096 1135 120
258 1153 122
296 465 124
893 995 126
964 1118 128
698 1009 130
601 817 132
758 981 134
1113 1155 136
173 290 138
1179 1202 140
1186 1224 142
1093 1193 144
224 1095 146
201 560 148
622 871 150
692 1072 152
362 1045 154
331 793 156
1204 1225 158
168 524 160
932 963 162
202 381 164
296 361 166
653 1124 168
58 1136 170
913 1175 172
833 1176 174
97 536 176
502 1144 178
1181 1184 180
126 549 182
70 768 184
843 1018 186
1241 1242 188
419 754 190
1191 1219 192
145 638 194
785 1207 196
34 1226 198
754 1113 200
1115 1176 202
437 543 204
714 978 206
187 1156 208
433 928 210
393 727 212
1233 1242 214
220 343 216
14 673 218
652 1128 220
958 1135 222
951 1127 224
1040 1073 226
787 1060 228
1174 1242 230
115 284 232
964 1215 234
897 984 236
153 320 238
119 1080 240
636 932 242
1053 1122 244
578 884 246
1191 1197 248
1021 1165 250
443 787 252
554 1235 254
664 1099 256
802 1106 258
491 979 260
574 968 262
765 975 264
153 338 266
345 852 268
305 1145 270
478 912 272
950 1049 274
564 1129 276
945 1064 278
1034 1071 280
62 348 282
449 594 284
1084 1099 286
560 617 288
1204 1234 290
74 865 292
822 1061 294
305 1196 296
1160 1169 298
912 1159 300
1 501 302
251 710 304
882 1118 306
363 1214 308
1219 1226 310
502 726 312
144 658 314
696 981 316
155 1147 318
690 782 320
475 819 322
954 1087 324
37 727 326
170 949 328
205 1233 330
366 692 332
345 875 334
545 1026 336
730 867 338
75 635 340
290 893 342
650 803 344
1095 1204 346
97 1119 348
283 348 350
1178 1210 352
921 1075 354
763 937 356
158 776 358
677 1033 360
458 504 362
1134 1209 364
420 1218 366
842 1182 368
881 1096 370
1006 1219 372
864 904 374
804 1062 376
1074 1174 378
531 867 380
808 1198 382
125 469 384
248 937 386
304 788 388
838 853 390
731 925 392
1222 1223 394
21 899 396
179 772 398
441 1080 400
765 894 402
1238 1241 404
758 1109 406
150 305 408
686 973 410
73 371 412
604 945 414
1003 1156 416
998 1036 418
527 593 420
227 376 422
963 1032 424
102 293 426
458 586 428
1239 1242 430
1086 1129 432
305 812 434
70 683 436
1100 1145 438
591 708 440
216 882 442
1192 1233 444
971 1011 446
636 888 448
1184 1188 450
729 1014 452
867 1230 454
988 1151 456
255 385 458
747 777 460
844 1102 462
1196 1238 464
47 534 466
30 1077 468
1064 1180 470
301 1214 472
225 470 474
864 1202 476
480 1050 478
487 956 480
970 1033 482
871 923 484
856 1154 486
610 852 488
40 1074 490
281 1113 492
1052 1064 494
963 1210 496
657 1118 498
275 743 500
103 162 502
14 803 504
939 1209 506
851 1089 508
689 776 510
1049 1124 512
1065 1230 514
328 738 516
475 757 518
427 955 520
932 1231 522
553 912 524
761 993 526
830 1049 528
163 1215 530
60 298 532
1045 1052 534
178 348 536
1171 1228 538
1075 1089 540
760 1092 542
1168 1185 544
514 536 546
767 962 548
800 1043 550
383 535 552
704 927 554
356 468 556
1136 1231 558
1040 1047 560
367 956 562
100 1029 564
646 1234 566
827 849 568
821 1224 570
992 1020 572
1044 1123 574
908 1026 576
1206 1239 578
29 282 580
1197 1239 582
906 978 584
786 958 586
694 761 588
870 1098 590
63 681 592
1205 1214 594
150 310 596
53 705 598
655 1035 600
841 1133 602
443 765 604
627 891 606
223 971 608
783 922 610
781 1195 612
364 579 614
1170 1206 616
1215 1218 618
1171 1215 620
946 992 622
961 1220 624
452 1093 626
1173 1189 628
1006 1154 630
1076 1200 632
1072 1225 634
440 1066 636
802 836 638
762 1227 640
234 617 642
221 808 644
1138 1139 646
944 1127 648
88 266 650
900 1003 652
999 1015 654
737 998 656
1074 1185 658
1173 1209 660
1095 1155 662
965 1235 664
810 1220 666
1165 1219 668
484 988 670
781 1175 672
1131 1185 674
278 1234 676
142 947 678
221 1019 680
972 1057 682
195 610 684
625 1177 686
516 799 688
916 1225 690
606 1194 692
107 520 694
144 346 696
1050 1141 698
41 706 700
608 617 702
578 917 704
465 868 706
922 1025 708
318 694 710
57 1088 712
450 534 714
655 1182 716
776 828 718
678 992 720
1051 1202 722
541 1135 724
133 1055 726
334 1090 728
644 1184 730
755 1104 732
1082 1123 734
220 1203 736
1221 1223 738
302 1108 740
66 264 742
488 1221 744
59 467 746
785 956 748
1131 1166 750
691 776 752
733 983 754
151 415 756
353 892 758
1054 1192 760
277 871 762
937 1234 764
122 477 766
538 696 768
850 1128 770
745 1128 772
599 842 774
90 599 776
386 1231 778
491 1209 780
494 764 782
506 1012 784
492 725 786
912 1070 788
441 990 790
892 1198 792
755 958 794
1013 1094 796
991 1205 798
640 798 800
302 682 802
676 1090 804
949 990 806
824 1236 808
652 1207 810
75 408 812
1083 1196 814
1189 1229 816
576 1112 818
389 854 820
1079 1091 822
376 422 824
1116 1119 826
1110 1220 828
671 1059 830
650 950 832
93 194 834
1161 1193 836
39 299 838
478 1051 840
1015 1050 842
31 126 844
476 913 846
1054 1061 848
1081 1225 850
1119 1227 852
1209 1242 854
1008 1198 856
807 1120 858
748 784 860
1180 1186 862
1206 1230 864
973 1111 866
1174 1224 868
101 292 870
240 306 872
449 630 874
737 1107 876
256 1130 878
1037 1100 880
704 1212 882
597 680 884
792 959 886
1083 1118 888
108 864 890
1191 1213 892
1161 1231 894
1015 1163 896
6 559 898
273 486 900
948 1173 902
1056 1156 904
1020 1223 906
943 1065 908
1165 1179 910
808 911 912
915 1081 914
741 1200 916
785 1167 918
831 983 920
481 504 922
1041 1119 924
378 397 926
544 1090 928
2 751 930
629 864 932
480 1027 934
596 655 936
1214 1240 938
490 491 940
984 1187 942
859 895 944
819 1200 946
136 476 948
1081 1177 950
666 1018 952
285 288 954
849 1158 956
6 404 958
926 1183 960
848 1137 962
69 528 964
1138 1225 966
637 1040 968
857 1061 970
468 650 972
908 1024 974
435 615 976
903 1037 978
874 1071 980
214 1160 982
1238 1240 984
230 1069 986
1144 1168 988
905 1076 990
168 859 992
142 1084 994
1197 1241 996
739 868 998
598 1097 1000
462 555 1002
927 936 1004
534 973 1006
267 488 1008
264 666 1010
378 1193 1012
638 778 1014
1057 1136 1016
601 702 1018
564 962 1020
782 815 1022
86 1218 1024
927 1007 1026
778 824 1028
286 531 1030
507 765 1032
679 825 1034
343 437 1036
10 843 1038
848 1067 1040
646 1146 1042
1157 1213 1044
971 1001 1046
962 1179 1048
561 1233 1050
380 1085 1052
246 334 1054
979 1068 1056
61 826 1058
421 604 1060
364 660 1062
869 1136 1064
461 980 1066
46 1188 1068
768 859 1070
836 1079 1072
651 1200 1074
1 1224 1076
672 1062 1078
1082 1110 1080
584 1186 1082
597 1053 1084
1133 1189 1086
1040 1120 1088
554 977 1090
1033 1043 1092
855 1161 1094
454 819 1096
378 880 1098
1144 1177 1100
241 1113 1102
1187 1215 1104
144 383 1106
1163 1204 1108
464 986 1110
983 1175 1112
333 511 1114
752 964 1116
66 215 1118
319 345 1120
693 1171 1122
1010 1204 1124
776 1146 1126
1103 1163 1128
113 1199 1130
1008 1090 1132
249 968 1134
1093 1143 1136
1065 1138 1138
1160 1162 1140
434 674 1142
211 605 1144
637 642 1146
920 1223 1148
334 780 1150
294 343 1152
169 386 1154
957 1180 1156
647 978 1158
745 818 1160
574 674 1162
800 1009 1164
353 943 1166
1173 1231 1168
194 688 1170
407 1093 1172
534 1135 1174
853 986 1176
1213 1214 1178
712 940 1180
177 239 1182
87 485 1184
39 1204 1186
364 629 1188
95 1195 1190
989 1034 1192
515 1162 1194
968 1151 1196
1158 1162 1198
655 1084 1200
610 1160 1202
1109 1203 1204
683 1140 1206
101 1213 1208
1146 1160 1210
667 766 1212
146 857 1214
235 267 1216
436 959 1218
1129 1223 1220
745 748 1222
357 1193 1224
14 676 1226
746 1147 1228
1061 1157 1230
356 1026 1232
98 503 1234
225 710 1236
1060 1201 1238
1114 1227 1240
10 1236 1242
479 720 1244
1175 1185 1246
1210 1238 1248
631 862 1250
562 672 1252
195 691 1254
547 594 1256
562 1160 1258
1214 1215 1260
935 1035 1262
936 1004 1264
102 1152 1266
336 575 1268
832 1188 1270
1160 1198 1272
285 1051 1274
1034 1216 1276
401 952 1278
456 813 1280
1241 1242 1282
900 974 1284
12 486 1286
458 900 1288
796 1022 1290
317 1227 1292
350 709 1294
903 912 1296
71 720 1298
760 841 1300
70 882 1302
388 768 1304
152 1021 1306
735 907 1308
437 1106 1310
985 1092 1312
790 851 1314
539 1129 1316
1236 1239 1318
87 881 1320
489 745 1322
922 1016 1324
522 884 1326
786 909 1328
593 1145 1330
1005 1095 1332
407 524 1334
282 632 1336
1146 1186 1338
431 704 1340
720 1004 1342
821 1126 1344
746 954 1346
130 1185 1348
466 1022 1350
330 837 1352
1089 1093 1354
235 571 1356
353 577 1358
901 909 1360
772 1006 1362
330 830 1364
417 430 1366
305 827 1368
156 1093 1370
830 1102 1372
993 1073 1374
620 875 1376
966 1089 1378
830 1130 1380
1041 1097 1382
564 997 1384
572 811 1386
397 558 1388
782 1199 1390
598 1183 1392
691 1190 1394
460 785 1396
219 786 1398
410 586 1400
753 972 1402
632 808 1404
534 901 1406
419 880 1408
823 1174 1410
585 672 1412
73 654 1414
39 147 1416
644 1023 1418
94 866 1420
138 216 1422
374 1028 1424
84 279 1426
64 396 1428
1110 1153 1430
427 1223 1432
581 613 1434
1069 1096 1436
785 1159 1438
675 911 1440
669 1212 1442
134 954 1444
873 958 1446
1067 1198 1448
380 600 1450
7 413 1452
258 1175 1454
820 1076 1456
137 507 1458
154 544 1460
602 780 1462
45 667 1464
128 813 1466
312 778 1468
166 612 1470
817 1086 1472
388 730 1474
14 415 1476
78 227 1478
1181 1184 1480
221 955 1482
306 673 1484
173 615 1486
500 878 1488
882 1084 1490
924 956 1492
719 1212 1494
141 969 1496
1135 1164 1498
222 389 1500
591 642 1502
1080 1128 1504
565 763 1506
1082 1216 1508
28 341 1510
810 1014 1512
403 929 1514
764 1092 1516
763 1195 1518
22 268 1520
997 1169 1522
1084 1223 1524
1225 1229 1526
106 111 1528
1204 1211 1530
148 407 1532
113 409 1534
1081 1160 1536
238 716 1538
394 963 1540
948 997 1542
530 836 1544
315 815 1546
1218 1235 1548
83 1056 1550
1202 1217 1552
799 1056 1554
8 112 1556
1222 1233 1558
233 724 1560
674 849 1562
377 458 1564
330 1096 1566
121 615 1568
571 1199 1570
57 756 1572
1069 1077 1574
233 1175 1576
788 1108 1578
460 912 1580
932 1109 1582
1103 1155 1584
964 1199 1586
463 786 1588
954 970 1590
1156 1234 1592
784 936 1594
288 408 1596
209 1167 1598
49 1210 1600
470 685 1602
307 808 1604
609 1228 1606
284 1053 1608
29 1095 1610
744 970 1612
1046 1203 1614
392 1109 1616
198 673 1618
637 694 1620
904 1163 1622
522 699 1624
499 918 1626
554 953 1628
33 541 1630
1162 1214 1632
319 323 1634
45 1019 1636
484 616 1638
453 810 1640
272 930 1642
1150 1208 1644
117 878 1646
952 1180 1648
413 425 1650
300 1081 1652
939 961 1654
1199 1221 1656
1168 1222 1658
519 870 1660
1153 1171 1662
563 1097 1664
414 489 1666
334 879 1668
918 1128 1670
139 1162 1672
400 1110 1674
1016 1052 1676
223 551 1678
319 388 1680
645 891 1682
796 1065 1684
1105 1235 1686
967 1095 1688
53 1099 1690
533 846 1692
110 984 1694
250 721 1696
683 684 1698
591 792 1700
1014 1231 1702
494 761 1704
1065 1172 1706
1028 1184 1708
1157 1178 1710
155 1177 1712
610 907 1714
457 842 1716
263 1101 1718
783 826 1720
794 816 1722
588 616 1724
13 1169 1726
1165 1224 1728
757 984 1730
1207 1215 1732
1110 1178 1734
1039 1229 1736
1042 1193 1738
1240 1241 1740
301 897 1742
563 1228 1744
325 807 1746
1109 1125 1748
218 682 1750
1075 1186 1752
921 942 1754
360 734 1756
809 831 1758
1161 1209 1760
242 552 1762
262 1114 1764
331 1046 1766
953 1139 1768
532 1103 1770
1165 1218 1772
985 998 1774
1141 1172 1776
665 982 1778
216 929 1780
989 1061 1782
297 1026 1784
188 1157 1786
168 406 1788
273 527 1790
781 1188 1792
976 1206 1794
1196 1208 1796
1122 1219 1798
1219 1227 1800
447 1037 1802
499 1222 1804
538 986 1806
70 714 1808
719 1029 1810
904 1079 1812
252 900 1814
983 1079 1816
914 1236 1818
614 671 1820
650 991 1822
433 546 1824
1206 1219 1826
142 484 1828
864 1026 1830
717 913 1832
326 526 1834
1162 1196 1836
466 830 1838
1182 1198 1840
518 1191 1842
1046 1224 1844
631 985 1846
356 635 1848
1027 1058 1850
565 863 1852
374 1214 1854
418 1048 1856
69 657 1858
121 601 1860
588 749 1862
519 795 1864
918 1018 1866
382 423 1868
555 912 1870
91 317 1872
1018 1204 1874
216 464 1876
1008 1229 1878
430 1063 1880
634 789 1882
125 226 1884
251 1104 1886
933 1161 1888
205 1058 1890
628 640 1892
970 1034 1894
572 866 1896
653 997 1898
1210 1236 1900
521 635 1902
399 937 1904
319 645 1906
793 1207 1908
334 351 1910
742 966 1912
1108 1190 1914
856 1174 1916
1187 1200 1918
1194 1219 1920
483 1116 1922
511 744 1924
446 885 1926
754 1130 1928
709 1206 1930
18 629 1932
839 938 1934
3 799 1936
560 916 1938
267 1046 1940
863 1126 1942
665 1064 1944
1063 1197 1946
875 1144 1948
350 742 1950
499 1155 1952
75 608 1954
1060 1203 1956
79 681 1958
774 1159 1960
540 630 1962
395 735 1964
279 848 1966
1089 1161 1968
1149 1208 1970
209 695 1972
1133 1170 1974
887 1141 1976
1211 1239 1978
505 797 1980
794 1054 1982
1072 1203 1984
553 919 1986
817 1167 1988
493 714 1990
886 1059 1992
978 1003 1994
42 294 1996
1131 1216 1998
732 968 2000
494 923 2002
357 1157 2004
125 403 2006
1053 1199 2008
981 999 2010
286 835 2012
95 183 2014
1011 1171 2016
878 1117 2018
828 844 2020
889 1023 2022
821 948 2024
1072 1153 2026
1211 1242 2028
210 893 2030
514 1102 2032
1042 1153 2034
1 115 2036
770 936 2038
1145 1153 2040
21 985 2042
1130 1131 2044
701 1045 2046
462 935 2048
345 645 2050
602 839 2052
240 378 2054
1128 1151 2056
185 1090 2058
230 810 2060
686 1086 2062
205 1012 2064
508 767 2066
505 1054 2068
554 1177 2070
613 847 2072
1192 1228 2074
1224 1238 2076
62 622 2078
152 1152 2080
1040 1225 2082
675 734 2084
395 710 2086
271 1049 2088
303 753 2090
814 920 2092
787 1226 2094
917 994 2096
762 881 2098
716 781 2100
7 322 2102
553 1036 2104
611 944 2106
575 963 2108
326 1151 2110
887 1070 2112
1086 1107 2114
44 1112 2116
709 755 2118
1134 1136 2120
1101 1135 2122
249 646 2124
39 265 2126
1080 1130 2128
794 798 2130
841 1004 2132
70 319 2134
142 1169 2136
861 908 2138
94 415 2140
1163 1174 2142
701 1181 2144
655 730 2146
1069 1233 2148
814 958 2150
132 214 2152
652 781 2154
762 1194 2156
996 1060 2158
123 953 2160
1090 1229 2162
641 683 2164
400 954 2166
162 165 2168
1089 1128 2170
1178 1181 2172
123 892 2174
181 406 2176
1 664 2178
466 700 2180
952 968 2182
902 1111 2184
231 364 2186
1199 1204 2188
419 866 2190
204 619 2192
282 1151 2194
108 724 2196
708 1237 2198
694 1195 2200
211 336 2202
1071 1144 2204
575 955 2206
61 981 2208
45 1019 2210
633 1004 2212
822 1161 2214
684 841 2216
986 1200 2218
895 1034 2220
396 1234 2222
45 1187 2224
296 702 2226
1071 1224 2228
1063 1228 2230
1233 1242 2232
772 1139 2234
252 1086 2236
691 1082 2238
622 1158 2240
555 1010 2242
943 1114 2244
96 453 2246
1155 1241 2248
622 810 2250
748 1040 2252
825 1034 2254
498 784 2256
323 907 2258
30 381 2260
1018 1069 2262
426 601 2264
953 1242 2266
924 1053 2268
60 1077 2270
598 860 2272
580 969 2274
514 1104 2276
70 234 2278
160 963 2280
1232 1238 2282
1184 1197 2284
53 166 2286
366 931 2288
923 1098 2290
1100 1123 2292
451 1047 2294
1217 1218 2296
277 327 2298
181 792 2300
754 1124 2302
886 1210 2304
630 927 2306
358 591 2308
451 1220 2310
560 744 2312
84 993 2314
779 824 2316
339 762 2318
198 364 2320
606 620 2322
885 1240 2324
232 431 2326
819 1075 2328
145 1101 2330
786 990 2332
125 668 2334
494 1040 2336
534 1237 2338
1095 1242 2340
1177 1239 2342
263 1172 2344
568 630 2346
1078 1200 2348
667 907 2350
383 1060 2352
336 537 2354
407 580 2356
235 805 2358
1145 1210 2360
1145 1215 2362
15 1178 2364
728 866 2366
45 466 2368
599 1124 2370
874 979 2372
111 660 2374
63 1215 2376
364 404 2378
214 1088 2380
1091 1165 2382
972 1012 2384
449 799 2386
343 1178 2388
781 980 2390
911 1011 2392
1104 1162 2394
149 985 2396
1173 1182 2398
1009 1104 2400
142 261 2402
427 1014 2404
130 1098 2406
826 926 2408
1168 1191 2410
425 1175 2412
138 1015 2414
211 736 2416
909 1171 2418
666 940 2420
1141 1193 2422
325 1190 2424
729 801 2426
230 555 2428
112 264 2430
542 914 2432
770 777 2434
578 796 2436
598 934 2438
290 781 2440
986 1224 2442
982 1156 2444
314 447 2446
887 1010 2448
4 662 2450
348 546 2452
899 1083 2454
177 403 2456
612 858 2458
1230 1239 2460
615 669 2462
689 779 2464
599 1029 2466
294 950 2468
861 1016 2470
1215 1221 2472
721 998 2474
100 220 2476
384 883 2478
351 1102 2480
1172 1218 2482
730 916 2484
118 813 2486
962 1070 2488
697 758 2490
408 690 2492
1163 1208 2494
379 739 2496
635 755 2498
645 770 2500
734 751 2502
1240 1241 2504
56 695 2506
357 996 2508
1018 1113 2510
21 92 2512
796 1111 2514
500 759 2516
905 1171 2518
1017 1120 2520
900 1224 2522
432 819 2524
638 1076 2526
695 1035 2528
1121 1233 2530
192 617 2532
441 617 2534
405 923 2536
163 410 2538
422 1019 2540
425 517 2542
799 1060 2544
143 1241 2546
973 1055 2548
62 1184 2550
393 968 2552
26 438 2554
620 1221 2556
1119 1234 2558
62 767 2560
1183 1191 2562
500 1216 2564
92 1210 2566
603 884 2568
570 1195 2570
511 1226 2572
333 413 2574
879 1097 2576
1234 1235 2578
1070 1114 2580
131 713 2582
1108 1201 2584
1049 1078 2586
161 1077 2588
1162 1184 2590
221 1223 2592
111 359 2594
947 975 2596
540 1140 2598
615 669 2600
277 1177 2602
182 1218 2604
148 853 2606
1081 1204 2608
939 1096 2610
411 742 2612
435 504 2614
633 677 2616
43 892 2618
991 1064 2620
893 1039 2622
163 553 2624
1148 1150 2626
1240 1242 2628
916 1085 2630
528 809 2632
384 805 2634
159 746 2636
779 916 2638
693 1064 2640
490 650 2642
1143 1211 2644
46 681 2646
779 940 2648
531 1084 2650
189 775 2652
153 838 2654
574 843 2656
509 837 2658
54 919 2660
303 512 2662
1065 1200 2664
1040 1068 2666
655 889 2668
986 990 2670
752 995 2672
1229 1241 2674
589 624 2676
503 963 2678
536 948 2680
752 966 2682
278 723 2684
818 884 2686
528 1015 2688
1136 1153 2690
96 413 2692
591 811 2694
1079 1087 2696
962 1048 2698
906 1012 2700
122 651 2702
568 1047 2704
624 630 2706
797 820 2708
883 1024 2710
88 1046 2712
841 1067 2714
1082 1181 2716
513 958 2718
480 754 2720
72 844 2722
1177 1231 2724
938 1015 2726
834 858 2728
841 1206 2730
129 274 2732
176 550 2734
1156 1188 2736
897 1190 2738
1131 1213 2740
148 383 2742
1062 1074 2744
1028 1214 2746
1042 1104 2748
725 798 2750
747 875 2752
920 980 2754
1110 1149 2756
478 1051 2758
64 1088 2760
416 1063 2762
532 800 2764
1073 1085 2766
439 963 2768
828 938 2770
149 1033 2772
332 1210 2774
1030 1226 2776
14 15 2778
323 602 2780
1025 1158 2782
404 1125 2784
153 293 2786
84 383 2788
598 751 2790
310 1207 2792
1020 1205 2794
736 891 2796
886 1140 2798
188 842 2800
501 951 2802
763 1199 2804
500 1028 2806
22 836 2808
920 936 2810
643 1165 2812
655 1211 2814
749 1043 2816
84 345 2818
1040 1102 2820
1085 1190 2822
1147 1163 2824
1050 1167 2826
804 1150 2828
1178 1218 2830
358 790 2832
770 1109 2834
48 732 2836
167 322 2838
1164 1180 2840
104 966 2842
1021 1143 2844
1162 1167 2846
455 1105 2848
309 748 2850
839 897 2852
297 402 2854
1195 1215 2856
14 996 2858
431 672 2860
412 826 2862
1234 1238 2864
950 978 2866
985 1127 2868
223 568 2870
180 1232 2872
1152 1214 2874
18 29 2876
845 1106 2878
542 988 2880
1043 1147 2882
1155 1218 2884
239 961 2886
1073 1150 2888
1177 1183 2890
324 1030 2892
1168 1227 2894
487 1074 2896
783 804 2898
1109 1160 2900
461 789 2902
853 929 2904
466 809 2906
496 825 2908
314 1177 2910
148 219 2912
154 460 2914
814 1065 2916
802 1149 2918
1033 1161 2920
1140 1162 2922
1116 1205 2924
540 736 2926
229 875 2928
851 911 2930
536 1001 2932
685 780 2934
925 1016 2936
728 770 2938
746 1088 2940
1093 1217 2942
421 595 2944
176 1080 2946
214 877 2948
198 925 2950
582 816 2952
257 591 2954
1038 1213 2956
158 650 2958
144 206 2960
523 927 2962
471 537 2964
863 1126 2966
27 1180 2968
189 1160 2970
365 1158 2972
39 1122 2974
104 241 2976
451 544 2978
495 776 2980
446 1063 2982
939 1064 2984
861 1221 2986
1229 1241 2988
558 683 2990
460 1199 2992
440 1008 2994
1081 1097 2996
739 746 2998
1190 1217 3000
1222 1235 3002
1157 1209 3004
1197 1214 3006
724 1056 3008
7 1198 3010
202 738 3012
920 1016 3014
706 790 3016
609 707 3018
26 759 3020
29 186 3022
380 787 3024
325 837 3026
867 1119 3028
1113 1160 3030
402 1090 3032
609 808 3034
43 237 3036
339 471 3038
114 577 3040
763 850 3042
175 432 3044
510 631 3046
405 734 3048
203 1127 3050
341 463 3052
1162 1193 3054
607 1031 3056
1018 1151 3058
1237 1239 3060
277 874 3062
464 1187 3064
739 1192 3066
1191 1202 3068
1063 1070 3070
320 908 3072
4 562 3074
207 227 3076
204 789 3078
1023 1091 3080
731 1241 3082
611 1049 3084
1009 1022 3086
773 1037 3088
849 1066 3090
888 1033 3092
240 911 3094
795 888 3096
482 591 3098
148 889 3100
608 626 3102
1108 1242 3104
559 760 3106
964 1050 3108
494 550 3110
981 1101 3112
239 506 3114
1006 1110 3116
1222 1226 3118
77 137 3120
165 1200 3122
735 1172 3124
552 1015 3126
308 1187 3128
192 446 3130
1172 1194 3132
981 1154 3134
257 910 3136
495 718 3138
968 1077 3140
1083 1186 3142
481 538 3144
462 745 3146
368 864 3148
142 1146 3150
512 1215 3152
486 1133 3154
855 880 3156
697 790 3158
1042 1161 3160
952 1148 3162
1064 1202 3164
960 1056 3166
324 1051 3168
1221 1239 3170
427 805 3172
1013 1059 3174
492 1148 3176
337 807 3178
778 960 3180
738 1118 3182
793 1208 3184
398 1150 3186
884 1100 3188
838 1132 3190
672 1215 3192
411 734 3194
18 70 3196
401 1101 3198
270 282 3200
1061 1133 3202
59 674 3204
469 901 3206
501 980 3208
623 642 3210
135 325 3212
718 1096 3214
3 546 3216
1205 1212 3218
993 1035 3220
398 786 3222
98 710 3224
428 723 3226
708 1021 3228
617 703 3230
311 833 3232
468 746 3234
478 1140 3236
547 1210 3238
267 403 3240
28 158 3242
922 1035 3244
1241 1242 3246
549 1108 3248
764 1119 3250
899 1155 3252
410 470 3254
967 988 3256
373 482 3258
659 1212 3260
802 1079 3262
524 787 3264
1026 1089 3266
567 654 3268
1137 1223 3270
101 605 3272
1236 1242 3274
88 675 3276
479 589 3278
1217 1225 3280
534 834 3282
809 1087 3284
540 770 3286
46 1009 3288
69 644 3290
515 878 3292
1205 1221 3294
68 909 3296
708 1207 3298
299 354 3300
288 824 3302
1205 1216 3304
731 908 3306
1042 1205 3308
1000 1239 3310
924 1060 3312
878 1121 3314
24 758 3316
375 631 3318
570 1214 3320
321 1213 3322
784 874 3324
1147 1165 3326
639 1004 3328
1043 1063 3330
273 1174 3332
623 862 3334
358 505 3336
681 1056 3338
683 902 3340
487 886 3342
1198 1222 3344
78 1128 3346
800 935 3348
165 1188 3350
413 546 3352
1212 1216 3354
1116 1157 3356
928 974 3358
1012 1093 3360
875 1027 3362
848 1157 3364
1231 1241 3366
113 189 3368
130 390 3370
432 598 3372
89 474 3374
235 572 3376
991 1227 3378
87 884 3380
789 962 3382
983 1199 3384
51 497 3386
908 1153 3388
795 986 3390
1124 1141 3392
1237 1241 3394
28 495 3396
787 1059 3398
287 1081 3400
273 1144 3402
980 1187 3404
718 1199 3406
42 487 3408
1174 1185 3410
1140 1173 3412
85 585 3414
903 1188 3416
815 837 3418
208 502 3420
852 1042 3422
540 1178 3424
124 886 3426
380 693 3428
815 816 3430
291 357 3432
37 91 3434
1154 1238 3436
606 657 3438
661 924 3440
1060 1163 3442
299 455 3444
25 1185 3446
864 1032 3448
410 680 3450
338 1225 3452
1005 1117 3454
731 1040 3456
69 472 3458
965 1228 3460
449 1121 3462
797 1224 3464
1198 1213 3466
679 775 3468
115 266 3470
1073 1123 3472
523 810 3474
625 957 3476
766 940 3478
347 844 3480
296 836 3482
992 1226 3484
404 552 3486
283 1086 3488
1175 1189 3490
480 787 3492
944 1191 3494
815 911 3496
810 1073 3498
425 1012 3500
630 648 3502
222 1015 3504
653 1070 3506
1014 1122 3508
303 954 3510
847 893 3512
596 916 3514
1228 1231 3516
152 316 3518
610 910 3520
1142 1241 3522
507 930 3524
174 897 3526
308 771 3528
456 741 3530
945 1189 3532
473 712 3534
565 569 3536
766 954 3538
10 877 3540
377 600 3542
992 1191 3544
1010 1223 3546
208 1085 3548
690 708 3550
67 132 3552
977 1223 3554
1070 1232 3556
60 691 3558
578 681 3560
810 1175 3562
898 1216 3564
648 734 3566
1008 1147 3568
984 987 3570
127 823 3572
1196 1202 3574
404 1196 3576
444 493 3578
356 433 3580
1126 1199 3582
662 1209 3584
455 568 3586
879 1222 3588
1201 1214 3590
1151 1204 3592
1148 1220 3594
477 506 3596
1218 1228 3598
1095 1120 3600
1094 1213 3602
1054 1109 3604
907 960 3606
387 592 3608
1039 1186 3610
201 362 3612
959 1059 3614
51 254 3616
1171 1197 3618
164 923 3620
1055 1125 3622
956 1080 3624
234 272 3626
230 1221 3628
17 228 3630
95 933 3632
408 1103 3634
477 792 3636
226 715 3638
646 1239 3640
648 1183 3642
796 814 3644
784 1236 3646
694 837 3648
799 1097 3650
850 1186 3652
135 349 3654
1071 1146 3656
485 683 3658
474 569 3660
977 988 3662
708 1016 3664
365 1052 3666
1207 1213 3668
903 1183 3670
245 282 3672
1072 1206 3674
929 1016 3676
500 620 3678
386 469 3680
1217 1236 3682
972 1162 3684
8 419 3686
1240 1242 3688
738 1028 3690
185 258 3692
171 180 3694
75 993 3696
49 112 3698
423 902 3700
481 1171 3702
308 787 3704
813 890 3706
482 799 3708
293 884 3710
418 702 3712
332 1094 3714
290 310 3716
84 1233 3718
366 621 3720
1015 1237 3722
741 1179 3724
1220 1233 3726
1239 1240 3728
1062 1223 3730
1156 1177 3732
268 865 3734
13 169 3736
934 1138 3738
282 1174 3740
252 508 3742
80 803 3744
598 1027 3746
1138 1163 3748
482 1046 3750
1031 1070 3752
630 1160 3754
495 1187 3756
948 1091 3758
879 1127 3760
87 959 3762
681 1120 3764
644 738 3766
701 753 3768
655 1103 3770
1184 1232 3772
637 889 3774
579 1005 3776
832 1107 3778
43 876 3780
976 1040 3782
119 483 3784
427 624 3786
480 873 3788
623 1060 3790
445 1219 3792
418 466 3794
498 1150 3796
1058 1127 3798
51 499 3800
583 908 3802
114 665 3804
1172 1173 3806
924 1084 3808
677 854 3810
1074 1115 3812
453 532 3814
18 536 3816
333 1046 3818
814 1189 3820
199 347 3822
326 1053 3824
313 942 3826
655 1171 3828
1204 1237 3830
180 922 3832
155 852 3834
233 1046 3836
1117 1204 3838
832 955 3840
339 782 3842
761 1200 3844
1141 1144 3846
264 990 3848
140 853 3850
970 1145 3852
560 702 3854
335 444 3856
771 793 3858
934 1090 3860
329 734 3862
938 1242 3864
80 1098 3866
516 1121 3868
619 907 3870
1060 1078 3872
216 696 3874
1190 1217 3876
1100 1140 3878
178 947 3880
37 822 3882
812 978 3884
759 898 3886
864 1067 3888
582 663 3890
680 1076 3892
445 570 3894
1092 1111 3896
76 390 3898
663 737 3900
199 969 3902
418 443 3904
293 1124 3906
253 1214 3908
95 294 3910
746 832 3912
688 946 3914
161 604 3916
456 916 3918
44 846 3920
280 1022 3922
23 1192 3924
487 896 3926
128 453 3928
1026 1061 3930
11 410 3932
1241 1242 3934
697 812 3936
1001 1092 3938
848 1219 3940
817 831 3942
120 193 3944
920 1123 3946
459 692 3948
239 336 3950
472 748 3952
801 823 3954
115 359 3956
109 1005 3958
33 647 3960
198 1131 3962
970 1153 3964
1200 1227 3966
728 870 3968
534 827 3970
291 1092 3972
673 1129 3974
951 1102 3976
206 1159 3978
873 952 3980
654 717 3982
148 438 3984
96 1239 3986
60 403 3988
1000 1025 3990
399 896 3992
101 585 3994
601 777 3996
497 654 3998
345 1012 4000
561 736 4002
1109 1205 4004
855 877 4006
1171 1208 4008
896 1135 4010
1092 1233 4012
1152 1158 4014
457 683 4016
689 778 4018
1151 1230 4020
946 1173 4022
179 266 4024
255 1069 4026
973 1153 4028
111 709 4030
1151 1162 4032
544 855 4034
940 1233 4036
637 835 4038
266 899 4040
502 809 4042
755 1226 4044
454 977 4046
775 1032 4048
316 357 4050
94 1197 4052
547 571 4054
838 927 4056
108 378 4058
504 837 4060
208 798 4062
199 464 4064
414 998 4066
860 961 4068
542 945 4070
124 864 4072
289 1166 4074
217 238 4076
1100 1111 4078
1115 1200 4080
522 971 4082
525 940 4084
580 1194 4086
370 676 4088
197 1199 4090
104 876 4092
720 1234 4094
454 597 4096
184 778 4098
790 951 4100
740 972 4102
613 1127 4104
788 1013 4106
674 969 4108
418 1159 4110
194 628 4112
948 998 4114
101 899 4116
563 1183 4118
285 297 4120
255 488 4122
900 1208 4124
517 1221 4126
936 1171 4128
571 926 4130
255 358 4132
175 243 4134
984 1041 4136
769 1237 4138
842 1168 4140
715 1151 4142
1186 1229 4144
97 1189 4146
731 1216 4148
734 962 4150
463 1162 4152
565 1161 4154
179 605 4156
238 744 4158
681 1140 4160
1024 1242 4162
383 833 4164
436 1127 4166
636 806 4168
1069 1094 4170
530 1097 4172
34 1227 4174
287 703 4176
34 1240 4178
808 1096 4180
1077 1155 4182
541 782 4184
1122 1194 4186
699 1117 4188
743 1080 4190
63 71 4192
608 1044 4194
3 812 4196
1180 1229 4198
882 892 4200
832 1162 4202
506 663 4204
87 1101 4206
1215 1224 4208
1008 1058 4210
436 1182 4212
898 1158 4214
261 625 4216
792 1060 4218
1226 1241 4220
1001 1215 4222
662 677 4224
77 531 4226
1093 1240 4228
386 695 4230
1007 1086 4232
716 1118 4234
750 929 4236
788 809 4238
706 881 4240
848 1126 4242
1226 1233 4244
1042 1194 4246
277 1160 4248
72 93 4250
38 401 4252
77 904 4254
962 1111 4256
1092 1138 4258
1072 1127 4260
711 1032 4262
418 1130 4264
80 1044 4266
626 1036 4268
397 897 4270
766 1142 4272
79 136 4274
175 662 4276
639 1229 4278
176 296 4280
546 1078 4282
660 1233 4284
1162 1199 4286
72 690 4288
632 1178 4290
849 1234 4292
1126 1166 4294
735 872 4296
1018 1033 4298
830 1176 4300
19 624 4302
114 494 4304
363 443 4306
1058 1099 4308
616 1195 4310
400 653 4312
566 1205 4314
1122 1224 4316
447 625 4318
1152 1157 4320
511 533 4322
1019 1231 4324
904 1215 4326
266 1145 4328
1141 1152 4330
705 1186 4332
921 945 4334
568 828 4336
487 964 4338
1152 1159 4340
994 1052 4342
480 730 4344
212 712 4346
431 1074 4348
851 1064 4350
864 945 4352
273 921 4354
229 498 4356
1204 1220 4358
135 1021 4360
811 1145 4362
925 1022 4364
165 372 4366
474 672 4368
836 1022 4370
32 591 4372
792 1204 4374
618 1038 4376
654 887 4378
743 1090 4380
1079 1108 4382
1241 1242 4384
345 730 4386
109 553 4388
925 1058 4390
1239 1240 4392
216 1105 4394
1190 1230 4396
82 793 4398
723 1061 4400
1070 1087 4402
1117 1157 4404
1 545 4406
1182 1221 4408
813 948 4410
751 1212 4412
1204 1229 4414
304 900 4416
646 1125 4418
190 705 4420
706 1009 4422
8 663 4424
315 1092 4426
1208 1221 4428
678 834 4430
472 898 4432
75 374 4434
854 1051 4436
253 1093 4438
1065 1105 4440
1173 1182 4442
794 893 4444
1128 1154 4446
307 464 4448
828 1180 4450
415 842 4452
1015 1130 4454
506 1214 4456
837 1055 4458
204 774 4460
528 881 4462
1072 1110 4464
95 486 4466
188 693 4468
231 1206 4470
375 926 4472
93 533 4474
968 976 4476
554 1011 4478
239 308 4480
533 1138 4482
905 1192 4484
878 883 4486
876 1109 4488
599 843 4490
279 1049 4492
1155 1211 4494
876 1161 4496
1034 1203 4498
697 976 4500
72 581 4502
1187 1236 4504
454 487 4506
788 1216 4508
1050 1172 4510
66 525 4512
649 890 4514
443 1066 4516
1171 1200 4518
80 801 4520
877 880 4522
149 1024 4524
654 1167 4526
177 223 4528
368 979 4530
369 776 4532
875 945 4534
284 650 4536
1088 1190 4538
395 653 4540
801 1134 4542
313 1045 4544
1230 1240 4546
301 369 4548
451 852 4550
692 1214 4552
866 1089 4554
931 1183 4556
200 798 4558
400 1198 4560
988 1051 4562
666 1117 4564
172 1076 4566
983 1066 4568
52 470 4570
7 604 4572
322 1090 4574
1002 1204 4576
976 1164 4578
1225 1239 4580
413 843 4582
1031 1209 4584
1175 1227 4586
433 995 4588
949 1083 4590
163 1071 4592
268 278 4594
687 1171 4596
97 638 4598
953 1127 4600
375 939 4602
1055 1151 4604
1016 1182 4606
111 911 4608
1110 1127 4610
1164 1198 4612
316 477 4614
143 748 4616
870 1208 4618
310 430 4620
217 770 4622
430 1090 4624
588 953 4626
64 1190 4628
885 1204 4630
1241 1242 4632
670 1230 4634
838 901 4636
977 1198 4638
304 818 4640
1068 1166 4642
1111 1133 4644
642 1197 4646
953 1144 4648
740 936 4650
128 1056 4652
638 930 4654
350 675 4656
499 1237 4658
787 847 4660
703 941 4662
640 890 4664
299 852 4666
467 575 4668
1008 1039 4670
333 774 4672
607 968 4674
524 1221 4676
933 1012 4678
862 890 4680
377 714 4682
57 522 4684
11 825 4686
1055 1214 4688
862 901 4690
1241 1242 4692
751 878 4694
545 1167 4696
199 502 4698
611 970 4700
855 1184 4702
1122 1155 4704
279 405 4706
963 1027 4708
830 834 4710
305 348 4712
743 1157 4714
672 862 4716
273 712 4718
1095 1143 4720
959 1009 4722
1220 1233 4724
987 1062 4726
806 836 4728
327 915 4730
607 1098 4732
176 952 4734
939 1076 4736
659 723 4738
1065 1109 4740
1237 1238 4742
67 296 4744
984 1223 4746
1037 1148 4748
776 1187 4750
219 957 4752
667 738 4754
658 1191 4756
1160 1217 4758
100 972 4760
417 724 4762
964 1188 4764
281 933 4766
824 1075 4768
299 1135 4770
1205 1238 4772
1142 1177 4774
540 1056 4776
597 1214 4778
844 1133 4780
589 615 4782
394 1199 4784
838 926 4786
1110 1125 4788
696 949 4790
592 950 4792
526 1156 4794
116 740 4796
1106 1235 4798
946 1228 4800
1079 1098 4802
531 550 4804
1227 1235 4806
929 1027 4808
1053 1158 4810
548 1038 4812
907 1055 4814
855 1071 4816
5 41 4818
1199 1200 4820
25 632 4822
567 1054 4824
941 1123 4826
124 1144 4828
1237 1240 4830
465 621 4832
588 671 4834
294 554 4836
129 859 4838
244 600 4840
300 405 4842
530 1194 4844
42 970 4846
512 1139 4848
348 1111 4850
1122 1143 4852
971 1080 4854
468 969 4856
1091 1127 4858
987 1222 4860
1193 1194 4862
384 1050 4864
643 852 4866
891 1090 4868
1239 1240 4870
528 807 4872
1119 1144 4874
474 724 4876
798 1072 4878
516 1097 4880
348 673 4882
914 974 4884
292 1217 4886
712 936 4888
1171 1217 4890
29 928 4892
142 1160 4894
442 534 4896
744 945 4898
328 1127 4900
756 1205 4902
685 1058 4904
1238 1239 4906
80 630 4908
1069 1078 4910
1040 1086 4912
1143 1164 4914
756 1035 4916
1058 1081 4918
374 406 4920
378 740 4922
1089 1094 4924
233 1219 4926
476 816 4928
912 1153 4930
1086 1158 4932
593 868 4934
570 1006 4936
967 1189 4938
849 1151 4940
828 957 4942
870 985 4944
868 936 4946
726 806 4948
677 1153 4950
1111 1120 4952
543 573 4954
873 1031 4956
900 1099 4958
146 1044 4960
1067 1155 4962
852 953 4964
443 822 4966
707 750 4968
439 1206 4970
642 961 4972
425 479 4974
593 1204 4976
541 604 4978
459 973 4980
1160 1190 4982
458 792 4984
835 974 4986
222 809 4988
1235 1236 4990
905 1051 4992
46 311 4994
1102 1192 4996
1044 1141 4998
67 199 5000
1048 1182 5002
1103 1124 5004
891 1050 5006
470 704 5008
987 1135 5010
1221 1224 5012
156 1226 5014
261 739 5016
774 809 5018
790 1170 5020
104 690 5022
1113 1125 5024
776 880 5026
1100 1111 5028
1065 1234 5030
834 1203 5032
981 1171 5034
903 1232 5036
171 880 5038
1094 1177 5040
979 994 5042
696 1045 5044
118 1192 5046
839 954 5048
117 922 5050
387 569 5052
659 800 5054
1059 1185 5056
1140 1220 5058
195 969 5060
1097 1151 5062
903 1101 5064
1115 1169 5066
767 1093 5068
595 647 5070
487 752 5072
378 738 5074
875 885 5076
41 868 5078
750 1154 5080
296 443 5082
240 1076 5084
1179 1221 5086
1160 1192 5088
642 899 5090
953 1232 5092
892 1167 5094
728 1022 5096
90 982 5098
918 1123 5100
832 1093 5102
1149 1189 5104
197 288 5106
489 738 5108
43 1167 5110
941 1198 5112
861 980 5114
739 793 5116
344 393 5118
251 510 5120
728 1239 5122
675 1039 5124
1165 1198 5126
455 1168 5128
861 905 5130
586 1156 5132
137 967 5134
606 815 5136
868 1047 5138
1163 1180 5140
600 1161 5142
1060 1192 5144
986 1073 5146
103 594 5148
421 792 5150
746 787 5152
491 1135 5154
1165 1239 5156
825 980 5158
1225 1230 5160
67 1046 5162
1086 1096 5164
273 524 5166
138 536 5168
611 802 5170
651 724 5172
639 834 5174
1154 1180 5176
996 1027 5178
1156 1205 5180
492 839 5182
1094 1166 5184
810 1066 5186
774 989 5188
364 866 5190
711 1210 5192
123 952 5194
45 1145 5196
16 106 5198
662 677 5200
122 815 5202
143 145 5204
266 794 5206
613 1108 5208
186 290 5210
680 1196 5212
872 873 5214
362 448 5216
183 733 5218
1227 1234 5220
73 960 5222
369 1124 5224
696 840 5226
1088 1220 5228
711 856 5230
907 1168 5232
883 1161 5234
978 1006 5236
94 844 5238
1237 1238 5240
331 653 5242
1187 1213 5244
908 1098 5246
1167 1189 5248
828 1208 5250
1134 1172 5252
151 810 5254
565 1047 5256
825 949 5258
377 961 5260
1057 1069 5262
376 1147 5264
1018 1041 5266
216 1200 5268
1171 1205 5270
492 582 5272
294 368 5274
1101 1173 5276
1173 1191 5278
1034 1166 5280
61 404 5282
788 827 5284
254 656 5286
42 383 5288
53 867 5290
904 912 5292
866 1176 5294
609 1156 5296
1035 1192 5298
823 1054 5300
759 921 5302
1113 1189 5304
1217 1220 5306
952 1202 5308
109 595 5310
724 821 5312
1074 1156 5314
842 1009 5316
1135 1183 5318
57 100 5320
1209 1235 5322
310 882 5324
1061 1133 5326
1 669 5328
914 1139 5330
166 419 5332
1221 1231 5334
672 755 5336
342 473 5338
537 1029 5340
1232 1238 5342
80 237 5344
1186 1229 5346
759 834 5348
925 941 5350
635 1049 5352
744 1032 5354
1194 1229 5356
869 926 5358
945 1104 5360
930 1078 5362
1126 1242 5364
120 673 5366
367 1016 5368
403 413 5370
1233 1242 5372
211 927 5374
801 1065 5376
256 1130 5378
1102 1105 5380
409 927 5382
724 887 5384
116 353 5386
1144 1216 5388
437 972 5390
615 1193 5392
683 812 5394
942 979 5396
235 361 5398
42 774 5400
279 893 5402
415 742 5404
825 946 5406
112 178 5408
616 1204 5410
562 953 5412
57 1147 5414
251 857 5416
128 1200 5418
430 904 5420
1207 1215 5422
1026 1204 5424
240 809 5426
96 109 5428
887 1180 5430
1177 1192 5432
1088 1215 5434
532 746 5436
553 1059 5438
558 698 5440
818 968 5442
654 829 5444
998 1024 5446
207 1103 5448
498 1098 5450
869 1153 5452
1142 1220 5454
430 1070 5456
1033 1164 5458
515 575 5460
439 616 5462
814 1202 5464
1150 1207 5466
202 411 5468
433 731 5470
699 809 5472
745 1070 5474
2 714 5476
988 1077 5478
362 861 5480
198 1191 5482
974 1038 5484
926 1185 5486
1079 1099 5488
991 1124 5490
913 1029 5492
89 1175 5494
348 651 5496
841 1235 5498
1239 1240 5500
599 906 5502
699 891 5504
937 1054 5506
947 972 5508
225 477 5510
1111 1205 5512
202 397 5514
1217 1225 5516
511 1131 5518
349 877 5520
522 1231 5522
308 608 5524
935 1174 5526
268 621 5528
267 638 5530
376 732 5532
780 1232 5534
49 760 5536
1054 1225 5538
455 1163 5540
1222 1236 5542
226 337 5544
774 1209 5546
1115 1160 5548
384 826 5550
163 1008 5552
1213 1230 5554
618 1220 5556
566 601 5558
1142 1233 5560
173 748 5562
548 621 5564
57 138 5566
547 679 5568
193 219 5570
1188 1234 5572
906 1001 5574
697 927 5576
830 1023 5578
616 677 5580
364 1202 5582
839 990 5584
54 395 5586
607 856 5588
844 1129 5590
418 481 5592
1199 1226 5594
340 380 5596
1214 1227 5598
725 1076 5600
794 815 5602
957 1162 5604
1142 1155 5606
650 1204 5608
897 1148 5610
673 810 5612
1097 1237 5614
1089 1241 5616
426 871 5618
70 801 5620
217 739 5622
566 979 5624
18 860 5626
992 1118 5628
993 1074 5630
1032 1060 5632
726 1165 5634
1187 1208 5636
160 1159 5638
652 1122 5640
1121 1217 5642
1138 1217 5644
817 1099 5646
788 919 5648
1195 1237 5650
1125 1236 5652
189 392 5654
347 897 5656
630 823 5658
739 1194 5660
897 1232 5662
625 1036 5664
297 1040 5666
1141 1168 5668
480 1169 5670
395 1193 5672
1168 1223 5674
908 1235 5676
538 1135 5678
1174 1223 5680
394 618 5682
1011 1081 5684
1128 1237 5686
1044 1086 5688
1156 1159 5690
577 1098 5692
979 1013 5694
448 758 5696
31 843 5698
87 182 5700
1030 1095 5702
1034 1037 5704
771 1233 5706
763 915 5708
880 1029 5710
256 1152 5712
978 1230 5714
50 220 5716
1075 1139 5718
380 1061 5720
687 704 5722
458 1012 5724
393 433 5726
391 864 5728
655 725 5730
803 1160 5732
67 1075 5734
958 1138 5736
83 720 5738
653 945 5740
114 963 5742
492 582 5744
951 984 5746
601 767 5748
812 1224 5750
861 1078 5752
16 551 5754
1185 1242 5756
497 562 5758
635 962 5760
442 926 5762
687 1222 5764
261 552 5766
163 1123 5768
273 859 5770
1030 1211 5772
298 728 5774
287 806 5776
582 1059 5778
1199 1217 5780
1238 1241 5782
275 685 5784
800 917 5786
928 932 5788
1105 1208 5790
401 461 5792
848 912 5794
165 490 5796
340 494 5798
97 687 5800
1051 1163 5802
1196 1232 5804
557 1033 5806
421 863 5808
476 548 5810
266 1112 5812
197 1003 5814
1132 1143 5816
389 976 5818
551 827 5820
869 1036 5822
67 486 5824
48 484 5826
796 1098 5828
138 1065 5830
747 1142 5832
1079 1178 5834
417 722 5836
5 943 5838
1123 1174 5840
253 854 5842
418 640 5844
346 1167 5846
697 1205 5848
1209 1210 5850
230 1125 5852
164 746 5854
11 698 5856
247 1183 5858
781 922 5860
224 719 5862
898 1131 5864
586 734 5866
63 362 5868
198 223 5870
299 737 5872
799 863 5874
496 1238 5876
7 65 5878
218 420 5880
1121 1141 5882
325 756 5884
1046 1159 5886
970 1207 5888
1011 1136 5890
455 1007 5892
1184 1199 5894
1059 1152 5896
396 691 5898
320 849 5900
1073 1098 5902
81 1045 5904
248 629 5906
230 874 5908
1148 1221 5910
42 957 5912
878 1166 5914
1200 1227 5916
688 978 5918
692 1104 5920
36 108 5922
130 464 5924
705 736 5926
239 986 5928
1009 1020 5930
990 1219 5932
398 410 5934
240 766 5936
976 1154 5938
682 867 5940
701 967 5942
414 769 5944
357 747 5946
502 638 5948
1042 1070 5950
590 943 5952
677 786 5954
200 1059 5956
956 1053 5958
290 435 5960
65 641 5962
903 992 5964
1224 1238 5966
900 926 5968
1163 1227 5970
515 820 5972
329 1104 5974
317 1147 5976
1239 1241 5978
550 963 5980
1088 1131 5982
791 1028 5984
533 1198 5986
829 1155 5988
184 675 5990
209 931 5992
506 887 5994
1232 1233 5996
889 914 5998
538 908 6000
189 1090 6002
1161 1167 6004
94 889 6006
777 1228 6008
708 938 6010
893 1164 6012
680 912 6014
559 781 6016
615 870 6018
594 1151 6020
871 1082 6022
119 579 6024
1024 1204 6026
100 115 6028
589 1105 6030
914 940 6032
404 548 6034
551 1077 6036
579 961 6038
1043 1087 6040
123 420 6042
1195 1238 6044
956 1092 6046
757 1028 6048
463 888 6050
955 1100 6052
718 1118 6054
919 1124 6056
328 1075 6058
906 931 6060
913 958 6062
555 1242 6064
256 495 6066
702 930 6068
740 873 6070
625 956 6072
1150 1178 6074
1044 1213 6076
963 1158 6078
582 1161 6080
561 659 6082
956 959 6084
513 1135 6086
714 903 6088
895 1141 6090
941 1153 6092
358 1150 6094
28 1239 6096
259 649 6098
317 1136 6100
882 1056 6102
797 1161 6104
37 297 6106
387 824 6108
954 1043 6110
999 1026 6112
648 1048 6114
131 279 6116
438 479 6118
536 546 6120
1115 1124 6122
432 691 6124
685 693 6126
421 460 6128
1105 1107 6130
477 1242 6132
989 1087 6134
400 669 6136
559 619 6138
187 402 6140
239 972 6142
478 1033 6144
228 243 6146
1156 1182 6148
267 659 6150
1074 1080 6152
82 1223 6154
1124 1241 6156
1050 1140 6158
101 200 6160
384 970 6162
218 502 6164
697 949 6166
1220 1221 6168
544 1165 6170
478 1129 6172
502 1057 6174
1200 1210 6176
821 1161 6178
469 1201 6180
1104 1128 6182
304 908 6184
1187 1191 6186
1037 1123 6188
907 978 6190
770 1001 6192
58 716 6194
336 361 6196
461 1059 6198
685 1014 6200
827 1210 6202
915 1242 6204
953 963 6206
512 525 6208
700 1057 6210
1068 1193 6212
538 703 6214
248 1232 6216
379 721 6218
1166 1176 6220
903 1115 6222
412 606 6224
440 1088 6226
72 1166 6228
102 658 6230
572 1092 6232
131 1005 6234
114 1225 6236
734 1207 6238
888 1230 6240
307 384 6242
726 1181 6244
1189 1217 6246
197 773 6248
220 949 6250
1103 1188 6252
129 1232 6254
184 548 6256
953 996 6258
417 922 6260
426 1165 6262
771 1191 6264
327 997 6266
252 1045 6268
271 560 6270
533 1024 6272
552 726 6274
383 737 6276
847 1000 6278
786 1222 6280
841 847 6282
1208 1210 6284
146 289 6286
880 1028 6288
559 803 6290
174 1081 6292
332 870 6294
459 1207 6296
107 540 6298
919 1233 6300
844 953 6302
437 914 6304
689 1035 6306
804 883 6308
205 579 6310
657 719 6312
426 858 6314
48 302 6316
58 114 6318
460 596 6320
605 1194 6322
568 572 6324
776 1055 6326
280 1027 6328
628 752 6330
238 312 6332
641 1012 6334
720 1098 6336
190 1034 6338
1192 1202 6340
1192 1209 6342
535 580 6344
745 756 6346
735 1139 6348
453 1078 6350
320 863 6352
154 1141 6354
811 1191 6356
226 1179 6358
901 1052 6360
148 862 6362
611 819 6364
385 410 6366
511 996 6368
637 1214 6370
405 528 6372
826 831 6374
1099 1113 6376
360 567 6378
1180 1187 6380
1230 1242 6382
679 906 6384
720 831 6386
755 1112 6388
960 961 6390
628 1057 6392
836 1210 6394
193 330 6396
937 1034 6398
889 892 6400
500 856 6402
543 636 6404
650 1087 6406
138 141 6408
750 1188 6410
778 1092 6412
1203 1220 6414
1061 1208 6416
1091 1203 6418
331 1020 6420
783 1023 6422
1200 1234 6424
982 1021 6426
241 999 6428
25 490 6430
1028 1101 6432
359 388 6434
921 1083 6436
912 1160 6438
263 1034 6440
1157 1176 6442
596 1154 6444
247 748 6446
489 894 6448
1208 1228 6450
955 1115 6452
242 894 6454
573 967 6456
1213 1228 6458
715 970 6460
573 1114 6462
141 755 6464
239 682 6466
959 1096 6468
373 782 6470
1207 1229 6472
733 1088 6474
830 1099 6476
1004 1180 6478
1122 1135 6480
1092 1213 6482
402 1183 6484
1074 1204 6486
108 201 6488
185 1145 6490
176 579 6492
801 994 6494
1211 1232 6496
216 852 6498
1057 1104 6500
76 115 6502
129 556 6504
991 1155 6506
1224 1241 6508
784 877 6510
384 943 6512
430 673 6514
188 224 6516
629 792 6518
109 247 6520
978 1121 6522
801 931 6524
1097 1163 6526
6 793 6528
1197 1210 6530
765 910 6532
944 1237 6534
420 428 6536
440 852 6538
548 1104 6540
528 1228 6542
829 891 6544
788 995 6546
430 1058 6548
74 318 6550
184 1140 6552
641 879 6554
225 970 6556
808 927 6558
566 1092 6560
1217 1239 6562
321 1105 6564
977 1164 6566
1053 1077 6568
1230 1235 6570
182 1029 6572
728 883 6574
1223 1237 6576
167 989 6578
785 828 6580
967 1207 6582
825 1097 6584
1029 1154 6586
103 944 6588
639 902 6590
354 558 6592
1016 1139 6594
867 1241 6596
398 709 6598
75 1084 6600
879 1097 6602
266 1102 6604
1035 1161 6606
523 531 6608
165 490 6610
292 1234 6612
1237 1240 6614
30 760 6616
1155 1212 6618
1188 1215 6620
887 1161 6622
87 572 6624
44 412 6626
34 358 6628
314 1214 6630
724 966 6632
1201 1241 6634
305 591 6636
609 1228 6638
57 925 6640
124 1092 6642
232 695 6644
14 348 6646
645 913 6648
1153 1157 6650
649 987 6652
1109 1165 6654
428 526 6656
642 1056 6658
825 962 6660
527 884 6662
1004 1040 6664
864 920 6666
74 392 6668
888 1011 6670
516 636 6672
547 703 6674
1193 1217 6676
169 374 6678
830 1036 6680
478 920 6682
293 491 6684
1192 1205 6686
244 1016 6688
373 1138 6690
974 1201 6692
435 595 6694
1038 1216 6696
421 779 6698
831 961 6700
969 986 6702
379 1002 6704
236 454 6706
528 750 6708
495 963 6710
263 551 6712
540 547 6714
64 717 6716
1034 1144 6718
713 899 6720
836 1070 6722
435 614 6724
812 921 6726
348 695 6728
55 888 6730
1004 1195 6732
890 1238 6734
58 976 6736
394 963 6738
163 268 6740
389 1077 6742
538 1230 6744
